R/Outputs-for-ewe/Seabed/sedcomp-gravel.asc
ncols        58
nrows        32
xllcorner    -88.500000000000
yllcorner    29.000000000000
dx           0.051724137931
dy           0.046875000000
NODATA_value nan
[rows 0 to 18 of 32, columns 0 to 42 of 58]
nan nan nan nan nan nan nan nan 0.0 0 0.096026152372360229492 nan nan nan nan nan nan nan nan nan nan nan nan nan nan nan 0.41506713628768920898 nan 0 nan nan nan nan nan nan nan nan nan nan 0 nan nan nan
nan nan nan nan nan nan nan nan 0 0.21549150347709655762 0 nan nan nan nan nan nan nan nan nan nan 0 nan nan nan nan 0 0.056944698095321655273 0.3002598881721496582 nan nan nan nan nan nan nan nan nan 0.0091109992936253547668 0 0 0 0
nan nan nan nan nan nan nan nan 0 0 0.069851860404014587402 0 nan nan nan nan nan nan nan nan nan nan nan nan 0 0 nan nan nan nan nan nan nan 0 nan nan nan nan nan nan nan nan nan
nan 0 0 0 0 0.22135786712169647217 nan 0 0 0 0 0 0 0 nan nan nan nan nan 0.033583968877792358398 nan nan nan nan 0 nan nan 0.030255369842052459717 0.20523764193058013916 0.45996204018592834473 0.23383413255214691162 0.50155907869338989258 0.3002408146858215332 0.27548691630363464355 0.51312720775604248047 0.50608289241790771484 0.31629717350006103516 0.45353561639785766602 0.55016458034515380859 0.49971875548362731934 0.65968203544616699219 0.56893336772918701172 0.30921927094459533691
0 0 0 0 0 0 0 0 0 0.0013485599774867296219 0 0 0 0 nan nan nan nan nan nan nan 0.19509744644165039063 0.14899967610836029053 0.040956988930702209473 0.29119482636451721191 0.40029978752136230469 0.39944118261337280273 0.41753426194190979004 0.27832570672035217285 0.23355945944786071777 0.41177105903625488281 0.23920829594135284424 0.086909227073192596436 0.19696760177612304688 0.32322543859481811523 0.20542006194591522217 0.53005433082580566406 0.55408877134323120117 0.50965279340744018555 0.38282063603401184082 0.37513041496276855469 0.3640518486499786377 0.56010049581527709961
0.028698530048131942749 0 0 nan nan nan 0 nan 0.0015412298962473869324 0 nan nan nan nan nan nan 0.0014857900096103549004 0.014371369965374469757 0.087894655764102935791 0.12361362576484680176 0.26113533973693847656 0.15029942989349365234 0.45472660660743713379 0.57383292913436889648 0.15077070891857147217 0.46890392899513244629 0.43566569685935974121 0.44357448816299438477 0.2834173738956451416 0.15830565989017486572 0.20356786251068115234 0.15740640461444854736 0.27130374312400817871 0.39870467782020568848 0.23534195125102996826 0.26423674821853637695 0.48090305924415588379 0.71924650669097900391 0.16638556122779846191 0.55570429563522338867 0.40105783939361572266 0.47234627604484558105 0.51976227760314941406
0.0030130699742585420609 0 0.18982452154159545898 0.0058950297534465789795 0.005630189552903175354 0.0065417997539043426514 0.0042817499488592147827 0.0040534101426601409912 0.0092986403033137321472 0.0092539004981517791748 0.034836020320653915405 0.040511239320039749146 0.04665002971887588501 0.082978613674640655518 0.18942056596279144287 0.061958920210599899292 0.042064428329467773438 0.025164090096950531006 0.47206413745880126953 0.42428150773048400879 0.31990319490432739258 0.46695613861083984375 0.27500993013381958008 0.29591119289398193359 0.36582973599433898926 0.2786019742488861084 0.35684281587600708008 0.29843175411224365234 0.43023508787155151367 0.35285273194313049316 0.42744857072830200195 0.31024819612503051758 0.45287254452705383301 0.096063762903213500977 0.37776210904121398926 0.32083645462989807129 0.37533211708068847656 0.2835674583911895752 0.56836587190628051758 0.29634520411491394043 0.38480624556541442871 0.42112132906913757324 0.50311589241027832031
0 0.058731321245431900024 0.035875841975212097168 0.10854887217283248901 0.1267061382532119751 0.015395959839224815369 0.004974809940904378891 0.0029216599650681018829 0.029153710231184959412 0.028654089197516441345 0.067467749118804931641 0.006336980033665895462 0.020438048988580703735 0.078706979751586914063 0.33996933698654174805 0.23339627683162689209 0.070751130580902099609 0.19462877511978149414 0.33586651086807250977 0.47024041414260864258 0.39559876918792724609 0.40353214740753173828 0.34929874539375305176 0.43574774265289306641 0.30890321731567382813 0.47974476218223571777 0.40664499998092651367 0.25732183456420898438 0.29859894514083862305 0.56661146879196166992 0.34839779138565063477 0.25769835710525512695 0.49576830863952636719 0.058877449482679367065 0.34588909149169921875 0.17327582836151123047 0.33739611506462097168 0.48956969380378723145 0.44199031591415405273 0.33869439363479614258 0.65816146135330200195 0.35347625613212585449 0.48944607377052307129
0 0.10480765253305435181 0.07688678056001663208 0.13227646052837371826 0.046996898949146270752 0.088599950075149536133 0.12736201286315917969 0.023840539157390594482 0.10574308037757873535 0.069426238536834716797 0.011980880051851272583 0.068886190652847290039 0.042643070220947265625 0.048379018902778625488 0.0097176898270845413208 0.068081550300121307373 0.1076163947582244873 0.16476453840732574463 0.36388632655143737793 0.46648859977722167969 0.54197549819946289063 0.22482921183109283447 0.32452750205993652344 0.23904491961002349854 0.17316401004791259766 0.29051893949508666992 0.19575355947017669678 0.4197273552417755127 0.80716496706008911133 0.88715690374374389648 0.25796616077423095703 0.47163408994674682617 0.031141800805926322937 0.30051621794700622559 0.89364778995513916016 0.23079076409339904785 0.89886420965194702148 0.96468687057495117188 0.2445951998233795166 0.89586400985717773438 0.54395580291748046875 0.44583076238632202148 0.32715621590614318848
0.18833133578300476074 0.14399388432502746582 0.010828830301761627197 0.073828704655170440674 0.096154034137725830078 0.1729898303747177124 0.30996903777122497559 0.12715341150760650635 0.45467013120651245117 0.024736659601330757141 0.1343469768762588501 0.076424621045589447021 0.022874839603900909424 0.019951319321990013123 0 0.015389380045235157013 0.20739114284515380859 0.1997852325439453125 0.81517595052719116211 0.29855048656463623047 0.28331384062767028809 0.14831697940826416016 0.22125475108623504639 0.28662264347076416016 0.39530104398727416992 0.46539133787155151367 0.41839125752449035645 0.90867525339126586914 0.44000256061553955078 0.025359261780977249146 0.0059707202017307281494 0.008478119969367980957 0 0.015092829242348670959 0.11656635254621505737 0.58872753381729125977 0.59178113937377929688 0.87894171476364135742 0.77606385946273803711 0.93279981613159179688 0.63175064325332641602 0.70333719253540039063 0.85722196102142333984
0.088553927838802337646 0.40979743003845214844 0.1238493695855140686 0.23057448863983154297 0.089870139956474304199 0.0093416394665837287903 0.01757217012345790863 0.10213098675012588501 0.20619460940361022949 0.05701639130711555481 0.0064065200276672840118 0.047351296991109848022 0.079951867461204528809 0.19999326765537261963 0.0066146701574325561523 0.077179618179798126221 0.25304844975471496582 0.46993654966354370117 0.92582786083221435547 0.44810578227043151855 0.25056895613670349121 0.12361809611320495605 0.14415346086025238037 0.19691818952560424805 0.42492049932479858398 0.79029566049575805664 0.42840754985809326172 0.62244927883148193359 0.76467192173004150391 0.01401731930673122406 0.019940719008445739746 0.00048047999734990298748 0.00016411000979132950306 0.00037438000435940921307 0.001464040018618106842 0.0027477699331939220428 0.485866546630859375 0.43273597955703735352 0.990604400634765625 0.59760063886642456055 0.11103322356939315796 0.57096582651138305664 0.96703219413757324219
0.040429778397083282471 0.020696120336651802063 0.12842839956283569336 0.054307710379362106323 0.041407853364944458008 0.061277918517589569092 0.0074044503271579742432 0.003863990074023604393 0.16332627832889556885 0.044452298432588577271 0.29263061285018920898 0.28396785259246826172 0.24260187149047851563 0.19541870057582855225 0.047285128384828567505 0.049136780202388763428 0.24875394999980926514 0.77100396156311035156 0.90694671869277954102 0.42409774661064147949 0.25599995255470275879 0.070463672280311584473 0.078378088772296905518 0.09832859039306640625 0.36018714308738708496 0.48696875572204589844 0.37994062900543212891 0.32586356997489929199 0.2995198667049407959 0.59041959047317504883 0.065461911261081695557 0.0071149198338389396667 0.00063656002748757600784 0.00025260000256821513176 0.0026615199167281389236 0.0049979300238192081451 0.05341095849871635437 0.56222069263458251953 0.88478314876556396484 0.81595718860626220703 0.43257546424865722656 0.30087143182754516602 0.63047468662261962891
0.0291500091552734375 0.016875440254807472229 0.10576183348894119263 0.067433312535285949707 0.015132189728319644928 0.034810520708560943604 0.05601267889142036438 0.012558439746499061584 0.13984923064708709717 0.028124690055847167969 0.032205048948526382446 0.13142576813697814941 0.079184032976627349854 0.058303400874137878418 0.063954591751098632813 0.021995630115270614624 0.052876427769660949707 0.11162386089563369751 0.71469032764434814453 0.58581113815307617188 0.04457639157772064209 0.18620733916759490967 0.29566460847854614258 0.30048346519470214844 0.20756068825721740723 0.46026852726936340332 0.63921189308166503906 0.0078594600781798362732 0.0066829901188611984253 0.058802362531423568726 0.036829140037298202515 0.0093763796612620353699 0.00097925995942205190659 0.00032653997186571359634 0.0034776800312101840973 0.005738679785281419754 0.018484700471162796021 0.019615478813648223877 0.314258575439453125 0.48469024896621704102 0.45946422219276428223 0.33704364299774169922 0.090279102325439453125
0.040074128657579421997 0.11112706363201141357 0.038576468825340270996 0.043717440217733383179 0.043090756982564926147 0.61780500411987304688 0.63169538974761962891 0.01392203010618686676 0.16124737262725830078 0.051620438694953918457 0.058291412889957427979 0.30303394794464111328 0.22264103591442108154 0.098111771047115325928 0.16369411349296569824 0.040058378130197525024 0.10625676810741424561 0.3484675288200378418 0.85786348581314086914 0.48874205350875854492 0.18802399933338165283 0.24920073151588439941 0.29174527525901794434 0.013830629177391529083 0.014143220148980617523 0.24192085862159729004 0.00093184004072099924088 0.043534010648727416992 0.00705483974888920784 0.00056101003428921103477 0.00079208001261577010155 0.00550128985196352005 0.0098712304607033729553 0.0096009802073240280151 0.0043332600034773349762 0.0032801600173115730286 0.010073250159621238708 0.011678789742290973663 0.18365582823753356934 0.4735692143440246582 0.4753074944019317627 0.18574352562427520752 0.043419189751148223877
0.05934117734432220459 0.099458992481231689453 0.0092757800593972206116 0.0066084302961826324463 0.0014930600300431251526 0.027443869039416313171 0.12536285817623138428 0 0.038412790745496749878 0.10163093358278274536 0.5327612757682800293 0.56496816873550415039 0.023582169786095619202 0.032533708959817886353 0.0077722398564219474792 0.017093000933527946472 0.16070576012134552002 0.46580272912979125977 0.61394953727722167969 0.29114884138107299805 0.090091742575168609619 0.21824283897876739502 0.0049240100197494029999 0.0059223799034953117371 0.015465850010514259338 0.028062829747796058655 0.005808949936181306839 0.0054852999746799468994 3.6649998946813866496e-05 0.0056650801561772823334 0.00065546995028853416443 0.00031323998700827360153 0.0099768303334712982178 0.0099760703742504119873 0.0095906592905521392822 0.0012076299171894788742 0.010253880172967910767 0.0020264501217752695084 0.037262480705976486206 0.13171190023422241211 0.0094198398292064666748 0.065869115293025970459 0.083320796489715576172
0.026350250467658042908 0.03763120993971824646 0.012988189235329627991 0 0.0038668399211019277573 0.066187992691993713379 0.056823249906301498413 0.00087638996774330735207 0.037256561219692230225 0.026734700426459312439 0.1973842233419418335 0.1792290806770324707 0.033884610980749130249 0.0088043604046106338501 0.014235479757189750671 0.11451398581266403198 0.1294409334659576416 0.1530446857213973999 0.70539927482604980469 0.23087148368358612061 0.0063854400068521499634 0.0075464700348675251007 0.18988519906997680664 0.19881950318813323975 0.00025158998323604464531 0.0011468199081718921661 0.00015560000611003488302 2.1359999664127826691e-05 0 0.00033750999136827886105 0.017323290929198265076 0.010187220759689807892 0.010014339350163936615 0.009970339946448802948 0.0099579701200127601624 0.0099618202075362205505 0.00032565998844802379608 0.0059624100103974342346 0.023069960996508598328 0.057700902223587036133 0.034596379846334457397 0.0015547298826277256012 0.01477763056755065918
0 0 0 0 0 0.019253430888056755066 0.036331668496131896973 0.0083147697150707244873 0.008796540088951587677 0.056102763861417770386 0.37832027673721313477 0.23626510798931121826 0.053015187382698059082 0.033630918711423873901 0.02258001081645488739 0.13416969776153564453 0.11120024323463439941 0.28327932953834533691 0.52066916227340698242 0.31825104355812072754 0.0035809599794447422028 0.005118250381201505661 0.16732272505760192871 0.00090462999651208519936 0.00060309999389573931694 0.00023647998750675469637 2.276000122947152704e-05 4.1000002966029569507e-06 1.3320000107341911644e-05 0.00063432002207264304161 0.00029977998929098248482 0.010207840241491794586 0.0099876895546913146973 0.0099291596561670303345 0.0097206402570009231567 0.0099276499822735786438 0.0099011994898319244385 0.0085770096629858016968 0.010088520124554634094 0.015145439654588699341 0.022056240588426589966 0.0071250302717089653015 0.010691910050809383392
0.040345758199691772461 0.12272538244724273682 0.12597350776195526123 0 0 0 0.07894159853458404541 0.080264627933502197266 0.037767399102449417114 0.016249530017375946045 0.095840282738208770752 0.09181795269250869751 0.57176214456558227539 0.38334900140762329102 0.079702436923980712891 0.059694729745388031006 0.1302849501371383667 0.88266646862030029297 0.91180193424224853516 0.037114549428224563599 0.11533940583467483521 0.015410200692713260651 0.097163632512092590332 1.6120000509545207024e-05 1.9549999706214293838e-05 1.874999907158780843e-05 0 0 0 9.7900001492234878242e-06 2.1470001229317858815e-05 5.9730002249125391245e-05 0.00018006000027526170015 0.0010823500342667102814 0.0098727801814675331116 0.0076290201395750045776 0.0011269199894741177559 0.0098848398774862289429 0.00996505003422498703 0.007268169894814491272 0.0092650800943374633789 6.3510000472888350487e-05 0.021960439160466194153
0.31827309727668762207 0.83586424589157104492 0.31034895777702331543 0 0 0.041606988757848739624 0.22700288891792297363 0.1448539048433303833 0.19402033090591430664 0.048435632139444351196 0.32654628157615661621 0.30041402578353881836 0.83709287643432617188 0.44904670119285583496 0.12691478431224822998 0.14746770262718200684 0.19277790188789367676 0.84030145406723022461 0.10720531642436981201 0.12385476380586624146 0.016032470390200614929 0.11273436248302459717 0.12381707876920700073 2.3819999114493839443e-05 1.3200000466895289719e-05 0 0 0 0 3.0119997973088175058e-05 1.0079999810841400176e-05 0.00021218000620137900114 3.8689999200869351625e-05 3.0479999622912146151e-05 0.005748889874666929245 0.0090138697996735572815 0.00020349999249447137117 0.00051644002087414264679 0.0098790405318140983582 0.0079177394509315490723 0.0023310699034482240677 0.0056233797222375869751 0.0057180500589311122894
