R/Outputs-for-ewe/Seabed/sedcomp-sand.asc
ncols        58
nrows        32
xllcorner    -88.500000000000
yllcorner    29.000000000000
dx           0.051724137931
dy           0.046875000000
NODATA_value nan
[rows 0 to 16 of 32, columns 0 to 39 of 58]
nan nan nan nan nan nan nan nan 0.16385221481323242188 0 0.29397702217102050781 nan nan nan nan nan nan nan nan nan nan nan nan nan nan nan 0.049451790750026702881 nan 0.10690586268901824951 nan nan nan nan nan nan nan nan nan nan 0.91408485174179077148
nan nan nan nan nan nan nan nan 0.011494109407067298889 0 0.053463403135538101196 nan nan nan nan nan nan nan nan nan nan 0.28458836674690246582 nan nan nan nan 0.041727118194103240967 0.19397039711475372314 0.011832829564809799194 nan nan nan nan nan nan nan nan nan 0.93640494346618652344 0.16102620959281921387
nan nan nan nan nan nan nan nan 0.018386309966444969177 0 0 0.0011575500248000025749 nan nan nan nan nan nan nan nan nan nan nan nan 0.43980818986892700195 0.033828660845756530762 nan nan nan nan nan nan nan 0.50235122442245483398 nan nan nan nan nan nan
nan 0.41095322370529174805 0.27037969231605529785 0.37462341785430908203 0 0.21250355243682861328 nan 0.0067035299725830554962 0 0 0.029929030686616897583 0.0035102900583297014236 0 0.25 nan nan nan nan nan 0.61370968818664550781 nan nan nan nan 0.93748319149017333984 nan nan 0.96957391500473022461 0.79476237297058105469 0.54003793001174926758 0.76610124111175537109 0.49844089150428771973 0.69975924491882324219 0.72451311349868774414 0.48687279224395751953 0.49391710758209228516 0.68110120296478271484 0.54497039318084716797 0.44602167606353759766 0.50028127431869506836
0.015028009191155433655 0.44217014312744140625 0.17635037004947662354 0.0038397300522774457932 0 0.047974180430173873901 0 0.19958136975765228271 0.020537879317998886108 0.046126380562782287598 0.082438841462135314941 0.059207148849964141846 0.0019313900265842676163 0.016186140477657318115 nan nan nan nan nan nan nan 0.80490255355834960938 0.85100030899047851563 0.95904302597045898438 0.70880514383316040039 0.59911698102951049805 0.60055881738662719727 0.58246576786041259766 0.72012495994567871094 0.76644051074981689453 0.58822894096374511719 0.75996160507202148438 0.91309076547622680664 0.80303239822387695313 0.67677450180053710938 0.79457992315292358398 0.46994566917419433594 0.44591125845909118652 0.48792716860771179199 0.61593669652938842773
0.24748936295509338379 0.11302156746387481689 0.51179069280624389648 nan nan nan 0.16498751938343048096 nan 0.88597726821899414063 0.50866842269897460938 nan nan nan nan nan nan 0.9985141754150390625 0.98562866449356079102 0.91210532188415527344 0.87638640403747558594 0.73886466026306152344 0.84970057010650634766 0.54527342319488525391 0.42616707086563110352 0.84869176149368286133 0.53109610080718994141 0.56433427333831787109 0.55642551183700561523 0.71496528387069702148 0.84169435501098632813 0.79563283920288085938 0.84056198596954345703 0.72869628667831420898 0.59929001331329345703 0.76465803384780883789 0.73576325178146362305 0.51909697055816650391 0.27836361527442932129 0.83357501029968261719 0.44366279244422912598
0.91624528169631958008 0.99818181991577148438 0.76448321342468261719 0.888980865478515625 0.50615745782852172852 0.70362734794616699219 0.65734571218490600586 0.23294691741466522217 0.80618059635162353516 0.91454583406448364258 0.69484972953796386719 0.41446989774703979492 0.77408677339553833008 0.80143564939498901367 0.46979027986526489258 0.81954038143157958984 0.95793557167053222656 0.89868569374084472656 0.52275663614273071289 0.57532387971878051758 0.68009680509567260742 0.53304386138916015625 0.72499006986618041992 0.70408880710601806641 0.63417029380798339844 0.72139799594879150391 0.64049172401428222656 0.70142656564712524414 0.56976491212844848633 0.64714729785919189453 0.57255142927169799805 0.68975180387496948242 0.54326856136322021484 0.90373373031616210938 0.62223792076110839844 0.67716699838638305664 0.62452065944671630859 0.7164325714111328125 0.56125140190124511719 0.70365476608276367188
0.92661660909652709961 0.72832924127578735352 0.85539871454238891602 0.80195128917694091797 0.75697600841522216797 0.84278565645217895508 0.30130282044410705566 0.59725075960159301758 0.69407600164413452148 0.49041286110877990723 0.80101740360260009766 0.94030565023422241211 0.97956192493438720703 0.91868567466735839844 0.66003066301345825195 0.76660370826721191406 0.92924886941909790039 0.80537122488021850586 0.65997362136840820313 0.52846837043762207031 0.60440123081207275391 0.59646785259246826172 0.65031278133392333984 0.56425225734710693359 0.69088834524154663086 0.51624131202697753906 0.59335500001907348633 0.74267816543579101563 0.70140105485916137695 0.43338853120803833008 0.65160214900970458984 0.74230164289474487305 0.50084435939788818359 0.94078361988067626953 0.65411084890365600586 0.82672417163848876953 0.66245645284652709961 0.51043027639389038086 0.55636179447174072266 0.69110387563705444336
0.94365370273590087891 0.68599134683609008789 0.83592063188552856445 0.42954313755035400391 0.71871536970138549805 0.72044456005096435547 0.8164196014404296875 0.65698248147964477539 0.54599004983901977539 0.60246515274047851563 0.95069968700408935547 0.93111383914947509766 0.94662427902221679688 0.95162099599838256836 0.96604377031326293945 0.87555962800979614258 0.88627600669860839844 0.83523541688919067383 0.63611364364624023438 0.53351140022277832031 0.45802447199821472168 0.77517080307006835938 0.67547249794006347656 0.76095503568649291992 0.82683598995208740234 0.70948106050491333008 0.80424642562866210938 0.58027261495590209961 0.19283500313758850098 0.11251094192266464233 0.65747475624084472656 0.51942068338394165039 0.074321120977401733398 0.69589579105377197266 0.10093843191862106323 0.76763159036636352539 0.10080707818269729614 0.03531308099627494812 0.75528824329376220703 0.10413596779108047485
0.70968174934387207031 0.82429093122482299805 0.90749013423919677734 0.41692352294921875 0.75451385974884033203 0.57309496402740478516 0.49921408295631408691 0.84939581155776977539 0.53758710622787475586 0.813823699951171875 0.71864473819732666016 0.82367241382598876953 0.74878209829330444336 0.95230245590209960938 1 0.96408295631408691406 0.79071688652038574219 0.80011689662933349609 0.18482410907745361328 0.70144951343536376953 0.71668618917465209961 0.85168302059173583984 0.77874529361724853516 0.71337735652923583984 0.60469895601272583008 0.53460866212844848633 0.58160871267318725586 0.091324746608734130859 0.55847191810607910156 0.032903891056776046753 0.003317790105938911438 0.0012358099920675158501 0.10979373753070831299 0.10177142173051834106 0.70559251308441162109 0.37885555624961853027 0.39568841457366943359 0.11130397021770477295 0.22092708945274353027 0.067200191318988800049
0.45664271712303161621 0.25395786762237548828 0.25672298669815063477 0.082665435969829559326 0.76061528921127319336 0.91743969917297363281 0.92863416671752929688 0.87886190414428710938 0.78510004281997680664 0.85374778509140014648 0.90021193027496337891 0.65489828586578369141 0.91219812631607055664 0.80000668764114379883 0.99338531494140625 0.92282032966613769531 0.7463932037353515625 0.53006345033645629883 0.074172109365463256836 0.55189424753189086914 0.74943107366561889648 0.87638193368911743164 0.85584658384323120117 0.80308181047439575195 0.57507950067520141602 0.20970439910888671875 0.57159245014190673828 0.37721756100654602051 0.23308004438877105713 0.0044668703339993953705 0.0017632000381126999855 0.0016348999924957752228 0.0079264696687459945679 0.010657149367034435272 0.031505510210990905762 0.086839258670806884766 0.51104527711868286133 0.56618291139602661133 0.0088101206347346305847 0.39657220244407653809
0.170893058180809021 0.38469025492668151855 0.29107147455215454102 0.34487551450729370117 0.71242827177047729492 0.39428424835205078125 0.8740940093994140625 0.79381632804870605469 0.77418828010559082031 0.63325709104537963867 0.68404608964920043945 0.71603220701217651367 0.75691992044448852539 0.80440157651901245117 0.95271486043930053711 0.95086318254470825195 0.75124603509902954102 0.22899602353572845459 0.093053266406059265137 0.57590222358703613281 0.74400001764297485352 0.92876952886581420898 0.92162191867828369141 0.90167146921157836914 0.63981282711029052734 0.51303124427795410156 0.62005937099456787109 0.67401963472366333008 0.69396173954010009766 0.015907039865851402283 0.0024889800697565078735 0.10062239319086074829 0.12408345192670822144 0.02070317976176738739 0.12343078851699829102 0.20820017158985137939 0.45771753787994384766 0.25436490774154663086 0.10412473976612091064 0.17873854935169219971
0.13868853449821472168 0.42221081256866455078 0.25980317592620849609 0.44022601842880249023 0.79337608814239501953 0.48720982670783996582 0.43159064650535583496 0.95467573404312133789 0.76390188932418823242 0.8605785369873046875 0.88004499673843383789 0.86857420206069946289 0.91369879245758056641 0.94128096103668212891 0.93600434064865112305 0.97800439596176147461 0.94712358713150024414 0.88837617635726928711 0.28530964255332946777 0.41418889164924621582 0.93816840648651123047 0.6396935582160949707 0.70427674055099487305 0.70698875188827514648 0.79070544242858886719 0.53565418720245361328 0.29852473735809326172 0.0018083100439980626106 0.0066590798087418079376 0.060255259275436401367 0.11265988647937774658 0.1876131892204284668 0.1639814227819442749 0.16213081777095794678 0.19080659747123718262 0.27042049169540405273 0.44341370463371276855 0.84173470735549926758 0.56138217449188232422 0.50658398866653442383
0.11294808238744735718 0.33647862076759338379 0.57282686233520507813 0.3944606781005859375 0.69975507259368896484 0.067754402756690979004 0.36830464005470275879 0.98607796430587768555 0.83541351556777954102 0.81486070156097412109 0.83221358060836791992 0.69696611166000366211 0.77695155143737792969 0.90188819169998168945 0.83555257320404052734 0.95994162559509277344 0.89374321699142456055 0.65153253078460693359 0.14213652908802032471 0.51125794649124145508 0.81197601556777954102 0.75044274330139160156 0.67697304487228393555 0.98572176694869995117 0.98529541492462158203 0.75556093454360961914 0.0057598198764026165009 0.12361870706081390381 0.081636816263198852539 0.014579109847545623779 0.011572379618883132935 0.14035642147064208984 0.1934747844934463501 0.24774464964866638184 0.26055040955543518066 0.32837113738059997559 0.69731664657592773438 0.85503172874450683594 0.71879160404205322266 0.51072877645492553711
0.19603729248046875 0.53294068574905395508 0.60874933004379272461 0.68503099679946899414 0.91097187995910644531 0.84446477890014648438 0.82950651645660400391 0.86181670427322387695 0.94914948940277099609 0.89536303281784057617 0.43640622496604919434 0.43494376540184020996 0.97641783952713012695 0.96556329727172851563 0.98132872581481933594 0.98178863525390625 0.83929419517517089844 0.53419727087020874023 0.38605046272277832031 0.70885115861892700195 0.90940004587173461914 0.76568764448165893555 0.99271219968795776367 0.99106901884078979492 0.98466563224792480469 0.96968096494674682617 0.12072096765041351318 0.83918553590774536133 0.98868256807327270508 0.48598194122314453125 0.13915091753005981445 0.13894732296466827393 0.24826964735984802246 0.25072228908538818359 0.29235979914665222168 0.31430357694625854492 0.64517712593078613281 0.95055311918258666992 0.73948591947555541992 0.63034904003143310547
0.37129077315330505371 0.37523543834686279297 0.48572495579719543457 0.40054738521575927734 0.85718101263046264648 0.78279966115951538086 0.80065292119979858398 0.97679680585861206055 0.87673169374465942383 0.94165682792663574219 0.80240052938461303711 0.77793365716934204102 0.96260911226272583008 0.98840630054473876953 0.96495610475540161133 0.8843860626220703125 0.87055909633636474609 0.84695535898208618164 0.29460072517395019531 0.76879179477691650391 0.98160398006439208984 0.97630548477172851563 0.59017831087112426758 0.59809136390686035156 0.00065877998713403940201 0.057895399630069732666 0.47058662772178649902 0.49806579947471618652 0.30325660109519958496 0.0054426002316176891327 0.40658026933670043945 0.27571690082550048828 0.29023846983909606934 0.30086478590965270996 0.21880440413951873779 0.214154854416847229 0.32126671075820922852 0.36824870109558105469 0.50692474842071533203 0.51418870687484741211
0.32597026228904724121 0.38727414608001708984 0.53491556644439697266 0.61424976587295532227 0.75745093822479248047 0.77299445867538452148 0.80502301454544067383 0.63477694988250732422 0.70019829273223876953 0.84902566671371459961 0.6199023127555847168 0.78179055452346801758 0.90371763706207275391 0.96542090177536010742 0.92137902975082397461 0.86583030223846435547 0.88796651363372802734 0.71624869108200073242 0.47915530204772949219 0.68146342039108276367 0.99384427070617675781 0.98516201972961425781 0.6093947291374206543 0.0043678600341081619263 0.060935758054256439209 0.31336167454719543457 0.45679339766502380371 0.47445160150527954102 0.49652707576751708984 0.32356333732604980469 0.015448280610144138336 0.26898777484893798828 0.31795492768287658691 0.35044315457344055176 0.37778940796852111816 0.22110100090503692627 0.31027427315711975098 0.35060352087020874023 0.38633820414543151855 0.31828671693801879883
