R/Outputs-for-ewe/Seabed/sedcomp-mud.asc
ncols        58
nrows        32
xllcorner    -88.500000000000
yllcorner    29.000000000000
dx           0.051724137931
dy           0.046875000000
NODATA_value nan
[rows 0 to 16 of 32, columns 0 to 39 of 58]
nan nan nan nan nan nan nan nan 0.83614778518676757813 1 0.61126559972763061523 nan nan nan nan nan nan nan nan nan nan nan nan nan nan nan 0.53958421945571899414 nan 0.89309418201446533203 nan nan nan nan nan nan nan nan nan nan 0.085915148258209228516
nan nan nan nan nan nan nan nan 0.98850584030151367188 0.78450852632522583008 0.94653666019439697266 nan nan nan nan nan nan nan nan nan nan 0.49085167050361633301 nan nan nan nan 0.94969159364700317383 0.78762316703796386719 0.68790727853775024414 nan nan nan nan nan nan nan nan nan 0.054484080523252487183 0.83897376060485839844
nan nan nan nan nan nan nan nan 0.98161369562149047852 1 0.92910301685333251953 0.99884247779846191406 nan nan nan nan nan nan nan nan nan nan nan nan 0.56019181013107299805 0.96617132425308227539 nan nan nan nan nan nan nan 0.49764877557754516602 nan nan nan nan nan nan
nan 0.58904677629470825195 0.72962027788162231445 0.62537658214569091797 1 0.5661385655403137207 nan 0.99329644441604614258 1 1 0.97007095813751220703 0.99648970365524291992 1 0.75 nan nan nan nan nan 0.35270634293556213379 nan nan nan nan 0.062516808509826660156 nan nan 0 0 0 0 0 0 0 0 6.2250001064967364073e-05 0 0 0.0038137701340019702911 0.00011722999624907970428
0.9849720001220703125 0.55782985687255859375 0.82364964485168457031 0.99616026878356933594 1 0.95202583074569702148 1 0.80041861534118652344 0.96865552663803100586 0.95252507925033569336 0.91756117343902587891 0.94079285860061645508 0.99806863069534301758 0.98381388187408447266 nan nan nan nan nan nan nan 0 0 0 0.00055018998682498931885 0 0.0005892399931326508522 0 0 0 0 0 0 0 0 1.7559999832883477211e-05 0 0 0 8.8599999799043871462e-06
0.723812103271484375 0.88697844743728637695 0.48820930719375610352 nan nan nan 0.83438277244567871094 nan 0.11248149722814559937 0.48869076371192932129 nan nan nan nan nan nan 0 0 0 0 0 0 0.0023481799289584159851 9.7110001661349087954e-05 0 0 0.00082240998744964599609 0.00030611999682150781155 0.0010945899412035942078 0 0 0 0 0 0 4.1229999624192714691e-05 0 0.0023898798972368240356 3.9459999243263155222e-05 0.0002208199875894933939
0.080741651356220245361 0.0018181799678131937981 0.045549970120191574097 0.10460033267736434937 0.48821234703063964844 0.28983086347579956055 0.33837246894836425781 0.76299965381622314453 0.18452081084251403809 0.083356723189353942871 0.27031424641609191895 0.54516911506652832031 0.17926324903964996338 0.10890279710292816162 0.34149247407913208008 0.11793558299541473389 0 0.071987368166446685791 0.0048985998146235942841 0 0 0 0.00032995999208651483059 0.00011832000018330290914 0.000387919979402795434 0 0.0024469699710607528687 0.00051451002946123480797 0 0.0027674499433487653732 0 0.00015989999519661068916 0 0 0 0.00015490999794565141201 0.00014720000035595148802 0 0.0003847999905701726675 0.00011886999709531664848
0.073383443057537078857 0.21293945610523223877 0.10841996967792510986 0.088941276073455810547 0.11604200303554534912 0.14188534021377563477 0.69372236728668212891 0.39864262938499450684 0.27650102972984313965 0.48564437031745910645 0.13314977288246154785 0.052825197577476501465 0 0 0 0 0 0 0.0046295998618006706238 0 0 0 0.0031477201264351606369 0.0001895900059025734663 0 0.0040138899348676204681 0 0.0023219299037009477615 0.00037702001282013952732 0 0 0 0.0033873599022626876831 0.00033893997897394001484 0 0 0.00014743000792805105448 0 0.00082395004574209451675 0.00096474995370954275131
0.056346260011196136475 0.20920099318027496338 0.082761056721210479736 0.43818038702011108398 0.23384930193424224854 0.1909554600715637207 0.056218370795249938965 0.3178037106990814209 0.34648784995079040527 0.21015888452529907227 0.037319391965866088867 0 0.010732609778642654419 0 0.021715838462114334106 0.056358836591243743896 0.0061075701378285884857 0.00086746999295428395271 0.0078706005588173866272 0 0 0 0.00036260002525523304939 0.00018742000975180417299 0 0.0008754599839448928833 0 0.00023896999482531100512 0.00022308999905362725258 0.00033218998578377068043 0.084559060633182525635 0.0089452303946018218994 0.89453703165054321289 0.0035879800561815500259 0.0056704096496105194092 0.0016762599116191267967 0.00032866999390535056591 0 0.0001165200010291300714 0
0.10198692232370376587 0.03171519935131072998 0.081681035459041595459 0.50922524929046630859 0.14933213591575622559 0.25304535031318664551 0.18647727370262145996 0.023394238203763961792 0.0070928502827882766724 0.16143967211246490479 0.14700834453105926514 0.099902957677841186523 0.2283430248498916626 0.02774621918797492981 0 0.018246810883283615112 0.0018919800641015172005 9.7890006145462393761e-05 0 0 0 0 0 0 0 0 0 3.5290002415422350168e-05 0.001525519881397485733 0.94173681735992431641 0.99071151018142700195 0.99028611183166503906 0.89020621776580810547 0.88313573598861694336 0.17960727214813232422 0.033306762576103210449 0.01256899908185005188 0.0032514398917555809021 0.0015045299660414457321 0
0.45480334758758544922 0.33624467253684997559 0.61942762136459350586 0.68663841485977172852 0.14763204753398895264 0.073218606412410736084 0.052959550172090530396 0.01900706067681312561 0.0087053598836064338684 0.089235849678516387939 0.093381538987159729004 0.29775038361549377441 0.007850039750337600708 0 0 0 0.00047857000026851892471 0 0 0 0 4.3860000005224719644e-05 0 0 0 0 0 0.00033312998129986226559 0.0022480199113488197327 0.98151582479476928711 0.97829604148864746094 0.99786806106567382813 0.99184370040893554688 0.98895949125289916992 0.96702748537063598633 0.91043901443481445313 0.0030881802085787057877 0.00087186996825039386749 0.00048907997552305459976 0.0071671302430331707001
0.78842711448669433594 0.59445822238922119141 0.56710618734359741211 0.53519660234451293945 0.24556975066661834717 0.54443788528442382813 0.11125421524047851563 0.20231968164443969727 0.062485408037900924683 0.32229059934616088867 0.023323308676481246948 0 0.00047818999155424535275 0.00017974000365938991308 0 0 0 0 0 0 0 0.00061345996800810098648 0 0 0 0 0 0.00011676000576699152589 0.0068181399255990982056 0.39367336034774780273 0.93204909563064575195 0.89222490787506103516 0.87515908479690551758 0.97901380062103271484 0.87390768527984619141 0.78680193424224853516 0.48878169059753417969 0.18337181210517883301 0.011092100292444229126 0.0055901496671140193939
0.830081939697265625 0.57369959354400634766 0.63293570280075073242 0.49168792366981506348 0.19149169325828552246 0.4743594825267791748 0.50850355625152587891 0.032765828073024749756 0.096248857676982879639 0.11129675805568695068 0.08774992823600769043 0 0.0071171997115015983582 0.00041561998659744858742 4.1069997678278014064e-05 0 0 0 0 0 0.01725520007312297821 0.17409908771514892578 5.8650002756621688604e-05 0.00064308004220947623253 0.001733929966576397419 0.0090124104171991348267 0.061821650713682174683 0.99022346735000610352 0.98665791749954223633 0.88094240427017211914 0.84765511751174926758 0.79395622014999389648 0.83432978391647338867 0.83744603395462036133 0.80407625436782836914 0.72314977645874023438 0.53808760643005371094 0.13860775530338287354 0.12435926496982574463 0.0087257400155067443848
0.78794187307357788086 0.54995006322860717773 0.38800248503684997559 0.56182187795639038086 0.25715410709381103516 0.31444057822227478027 0 0 0.0033391199540346860886 0.13351888954639434814 0.10949499905109405518 0 0.00040746000013314187527 0 0.00075328996172174811363 0 0 0 0 0 0 0.0003565299848560243845 0.028774891048669815063 0.00044714997056871652603 0.00078126997686922550201 0.0062502599321305751801 0.99282425642013549805 0.83269041776657104492 0.91064286231994628906 0.98486053943634033203 0.98757439851760864258 0.85085517168045043945 0.78744041919708251953 0.73942124843597412109 0.73136270046234130859 0.66232824325561523438 0.29260051250457763672 0.13323985040187835693 0.097427956759929656982 0.024887060746550559998
0.74352151155471801758 0.36475771665573120117 0.38176929950714111328 0.30836057662963867188 0.087768726050853729248 0.12423450499773025513 0.045130629092454910278 0.13818326592445373535 0.012437700293958187103 0.0030060801655054092407 0.030832529067993164063 8.8069995399564504623e-05 0 0.0019029800314456224442 0.011012259870767593384 0.001118359970860183239 0 0 0 0 0.00050821999320760369301 0.01606950908899307251 0.0022785500623285770416 0.0030038498807698488235 0.0017531099729239940643 0.0042653200216591358185 0.87454849481582641602 0.15532910823822021484 0.011326479725539684296 0.50812178850173950195 0.86019361019134521484 0.86068499088287353516 0.74135363101959228516 0.73913633823394775391 0.69742631912231445313 0.67562669515609741211 0.34376990795135498047 0.047395810484886169434 0.22298327088356018066 0.23787517845630645752
0.60156047344207763672 0.58602386713027954102 0.5008932948112487793 0.59945261478424072266 0.13895216584205627441 0.32204508781433105469 0.14252384006977081299 0.02232680097222328186 0.08601169288158416748 0.031608492136001586914 0.00021527000353671610355 0.00098826992325484752655 0.0030928298365324735641 0.0025716798845678567886 0.025501411408185958862 0.0013749499339610338211 0 0 0 0.00033668999094516038895 0.011897649616003036499 0.016148069873452186584 0.21493986248970031738 0.19316057860851287842 0.99908578395843505859 0.90597188472747802734 0.52858316898345947266 0.501918792724609375 0.69674336910247802734 0.99421989917755126953 0.57609647512435913086 0.71408981084823608398 0.69972872734069824219 0.68906480073928833008 0.77121144533157348633 0.77575051784515380859 0.66869652271270751953 0.62131702899932861328 0.46839889883995056152 0.42808482050895690918
0.67402970790863037109 0.61272585391998291016 0.46508446335792541504 0.38575023412704467773 0.24254903197288513184 0.20775213837623596191 0.15864525735378265381 0.35690826177597045898 0.29100519418716430664 0.094871580600738525391 0.010479580610990524292 0.012436449527740478516 0.042716950178146362305 0.00075852998998016119003 0.056579791009426116943 0 0.00083325000014156103134 0.00047199000255204737186 0.00023404000967275351286 0.00094291998539119958878 0.0019672000780701637268 0.02680354192852973938 0.21904201805591583252 0.99467009305953979492 0.89878737926483154297 0.68395537137985229492 0.54318410158157348633 0.52554839849472045898 0.503459930419921875 0.67580240964889526367 0.98425191640853881836 0.72080439329147338867 0.67205739021301269531 0.63960236310958862305 0.61227285861968994141 0.76867949962615966797 0.67089539766311645508 0.63799607753753662109 0.60346090793609619141 0.66627097129821777344
