Inputs/NGoM/1min_NGoM_bathymetry.asc
ncols        180
nrows        90
xllcorner    -88.508379890000
yllcorner    28.991573030000
dx           0.016759776556
dy           0.016853932667
NODATA_value -9999
[rows 72 to 89 of 90, columns 41 to 81 of 180]
228.4453125 248.795318603515625 285.8253173828125 297.62530517578125 303.285308837890625 319.90704345703125 335.947052001953125 351.427032470703125 368.16705322265625 386.467041015625 407.8270263671875 434.41705322265625 469.257049560546875 512.58575439453125 562.59576416015625 615.0357666015625 663.5257568359375 703.61578369140625 735.5157470703125 761.5557861328125 773.92578125 816.53961181640625 819.53961181640625 802.52960205078125 789.41961669921875 781.4696044921875 772.44964599609375 761.19964599609375 756.2396240234375 740.09075927734375 734.48077392578125 725.9207763671875 713.25079345703125 704.12078857421875 699.72076416015625 695.12078857421875 691.9107666015625 688.27496337890625 687.07501220703125 684.82501220703125 685.32501220703125
296.0753173828125 311.435333251953125 331.9453125 368.90533447265625 361.3153076171875 377.507049560546875 395.01702880859375 414.8370361328125 439.817047119140625 471.8270263671875 511.817047119140625 560.92706298828125 614.16705322265625 664.7557373046875 707.915771484375 743.73577880859375 781.6357421875 811.7857666015625 835.20574951171875 851.15576171875 859.935791015625 893.2196044921875 882.2496337890625 867.44964599609375 854.43963623046875 843.61962890625 834.55963134765625 820.82958984375 800.07958984375 789.25079345703125 785.95074462890625 770.99078369140625 748.26080322265625 738.32080078125 732.8907470703125 726.07080078125 721.25079345703125 716.16497802734375 711.28497314453125 710.4849853515625 712.69500732421875
354.535308837890625 370.725311279296875 387.225311279296875 436.64532470703125 436.285308837890625 454.547027587890625 481.367034912109375 517.55706787109375 563.0970458984375 613.28704833984375 664.77703857421875 710.05706787109375 749.90704345703125 781.98577880859375 809.915771484375 832.3057861328125 870.5357666015625 892.46575927734375 909.685791015625 919.7657470703125 943.3157958984375 963.29962158203125 962.61962890625 944.05963134765625 923.54962158203125 904.2596435546875 897.17962646484375 880.0096435546875 851.1396484375 844.8907470703125 834.6907958984375 812.6907958984375 787.23077392578125 780.4207763671875 768.30078125 757.34075927734375 751.09075927734375 744.0849609375 738.10498046875 738.2650146484375 739.344970703125
421.935333251953125 442.50531005859375 467.175323486328125 515.17529296875 561.0753173828125 576.13702392578125 615.237060546875 662.0770263671875 711.3470458984375 756.65704345703125 793.88702392578125 821.66705322265625 847.41705322265625 868.44573974609375 890.5457763671875 908.45574951171875 940.145751953125 962.2757568359375 969.87579345703125 982.65576171875 997.94573974609375 1031.36962890625 1021.3896484375 1005.90960693359375 985.099609375 964.41961669921875 958.89959716796875 915.55963134765625 891.56964111328125 875.33074951171875 861.62078857421875 838.4307861328125 817.01080322265625 815.1707763671875 799.020751953125 787.51080322265625 780.11077880859375 771.79498291015625 765.94500732421875 764.7449951171875 762.04498291015625
518.975341796875 553.28533935546875 592.935302734375 642.89532470703125 713.92529296875 729.1070556640625 761.8370361328125 799.8170166015625 840.6070556640625 871.68701171875 895.3570556640625 912.17706298828125 929.3170166015625 941.60577392578125 958.3057861328125 974.8857421875 1001.82574462890625 1025.0057373046875 1019.7757568359375 1040.92578125 1047.92578125 1089.839599609375 1075.0096435546875 1060.4495849609375 1046.2296142578125 1031.7095947265625 986.27960205078125 953.80963134765625 926.65960693359375 906.62078857421875 886.6807861328125 864.76080322265625 845.37078857421875 833.71075439453125 820.28076171875 810.60076904296875 802.95074462890625 795.0849609375 789.7550048828125 785.55499267578125 779.92498779296875
673.66534423828125 714.4453125 755.39532470703125 793.71533203125 857.01531982421875 884.467041015625 893.8570556640625 917.52703857421875 945.6070556640625 968.6170654296875 982.8370361328125 991.39703369140625 1000.27703857421875 1008.08575439453125 1020.11578369140625 1030.455810546875 1048.165771484375 1086.605712890625 1074.2257080078125 1082.2857666015625 1110.5357666015625 1135.859619140625 1131.15966796875 1103.9696044921875 1100.7396240234375 1073.319580078125 1030.5196533203125 994.9896240234375 960.91961669921875 932.73077392578125 909.35076904296875 889.3907470703125 870.53076171875 856.26080322265625 841.99078369140625 830.11077880859375 822.290771484375 814.92498779296875 808.375 804.27496337890625 795.29498291015625
838.0865478515625 869.5565185546875 900.5565185546875 926.3165283203125 966.52655029296875 1002.30010986328125 1022.380126953125 1016.93011474609375 1035.9700927734375 1053.2200927734375 1057.5001220703125 1060.64013671875 1065.4300537109375 1070.78076171875 1081.1407470703125 1084.6107177734375 1096.3408203125 1143.310791015625 1130.500732421875 1132.220703125 1159.750732421875 1184.730224609375 1174.7001953125 1138.68017578125 1139.93017578125 1107.8101806640625 1085.2001953125 1036.650146484375 999.23016357421875 968.1456298828125 940.755615234375 918.3455810546875 899.44561767578125 890.9755859375 877.58563232421875 862.28558349609375 850.2255859375 841.55670166015625 834.11669921875 828.07672119140625 822.41668701171875
960.50653076171875 985.91656494140625 1010.1165771484375 1031.466552734375 1060.2666015625 1093.580078125 1120.630126953125 1132.7901611328125 1124.920166015625 1124.89013671875 1124.6900634765625 1124.880126953125 1127.7100830078125 1131.5107421875 1140.480712890625 1143.290771484375 1143.6807861328125 1187.6907958984375 1188.3507080078125 1180.74072265625 1209.82080078125 1246.150146484375 1223.5802001953125 1186.3101806640625 1179.8302001953125 1137.480224609375 1134.0902099609375 1082.3402099609375 1037.3302001953125 1003.505615234375 974.69561767578125 951.025634765625 929.485595703125 910.025634765625 895.95562744140625 884.1256103515625 875.42559814453125 865.2366943359375 854.15667724609375 843.9866943359375 843.02667236328125
1059.2265625 1079.70654296875 1094.8365478515625 1113.966552734375 1150.926513671875 1168.7501220703125 1197.4700927734375 1206.820068359375 1216.1201171875 1189.650146484375 1186.7801513671875 1188.6900634765625 1188.4500732421875 1189.230712890625 1194.3408203125 1194.6607666015625 1201.9608154296875 1232.24072265625 1242.290771484375 1233.1607666015625 1259.3507080078125 1289.7501220703125 1252.420166015625 1247.3001708984375 1229.16015625 1179.2601318359375 1159.0902099609375 1123.1102294921875 1073.710205078125 1039.025634765625 1010.1055908203125 985.40557861328125 961.57562255859375 942.17559814453125 925.3856201171875 909.54559326171875 896.40557861328125 885.57672119140625 873.2066650390625 864.88671875 868.836669921875
1140.0865478515625 1177.196533203125 1187.966552734375 1196.99658203125 1219.95654296875 1249.64013671875 1268.81005859375 1279.570068359375 1275.7901611328125 1247.2000732421875 1244.7401123046875 1246.1800537109375 1239.91015625 1244.3507080078125 1244.060791015625 1244.3707275390625 1248.1807861328125 1264.9307861328125 1314.580810546875 1285.980712890625 1322.30078125 1335.170166015625 1313.5101318359375 1292.5601806640625 1263.5401611328125 1228.0601806640625 1192.5601806640625 1155.66015625 1105.5001220703125 1071.4156494140625 1043.295654296875 1018.755615234375 995.42559814453125 976.65557861328125 958.78558349609375 941.68560791015625 926.15557861328125 911.66668701171875 903.4967041015625 896.64666748046875 895.16668701171875
1232.6165771484375 1255.3865966796875 1266.696533203125 1276.6165771484375 1286.0264892578125 1306.650146484375 1321.4300537109375 1334.4700927734375 1329.4600830078125 1307.9600830078125 1297.5201416015625 1293.7301025390625 1290.64013671875 1288.2108154296875 1292.9207763671875 1293.310791015625 1289.220703125 1296.03076171875 1360.830810546875 1333.7108154296875 1379.1807861328125 1372.7001953125 1368.0902099609375 1338.880126953125 1307.8701171875 1257.47021484375 1226.0201416015625 1189.0301513671875 1135.6102294921875 1098.3155517578125 1069.765625 1046.24560546875 1022.70562744140625 1003.3656005859375 986.215576171875 970.765625 957.735595703125 948.7667236328125 942.69671630859375 930.92669677734375 913.4766845703125
1299.6466064453125 1312.45654296875 1324.8865966796875 1322.906494140625 1357.7864990234375 1354.0301513671875 1364.830078125 1377.800048828125 1385.150146484375 1368.7501220703125 1356.380126953125 1343.7501220703125 1341.6900634765625 1333.49072265625 1341.1307373046875 1337.0908203125 1329.560791015625 1347.5107421875 1411.9508056640625 1381.1807861328125 1427.2607421875 1421.8701171875 1415.8602294921875 1387.7501220703125 1360.6201171875 1298.2801513671875 1259.64013671875 1214.3701171875 1162.0301513671875 1123.4156494140625 1094.2255859375 1069.6456298828125 1048.03564453125 1028.3056640625 1012.29559326171875 996.8555908203125 983.90557861328125 969.81671142578125 953.29669189453125 930.80670166015625 913.2667236328125
1339.4765625 1360.676513671875 1375.2965087890625 1382.0765380859375 1390.7265625 1406.7901611328125 1409.0101318359375 1435.5401611328125 1465.7000732421875 1431.14013671875 1419.16015625 1396.4400634765625 1394.7701416015625 1383.020751953125 1388.9007568359375 1381.8408203125 1368.1807861328125 1404.230712890625 1461.6707763671875 1423.05078125 1472.1307373046875 1487.8502197265625 1461.18017578125 1417.2901611328125 1397.5701904296875 1365.0401611328125 1286.630126953125 1241.8101806640625 1194.8101806640625 1146.45556640625 1116.445556640625 1091.78564453125 1068.8355712890625 1048.8956298828125 1032.505615234375 1013.83563232421875 996.19561767578125 975.56671142578125 951.93670654296875 927.086669921875 907.16668701171875
1376.0765380859375 1393.196533203125 1419.7965087890625 1442.3365478515625 1439.0465087890625 1454.2901611328125 1459.650146484375 1475.0101318359375 1516.110107421875 1509.860107421875 1482.39013671875 1447.900146484375 1449.2601318359375 1434.0908203125 1432.4007568359375 1420.3707275390625 1412.8507080078125 1431.580810546875 1508.53076171875 1469.4508056640625 1502.1007080078125 1538.5501708984375 1512.900146484375 1491.380126953125 1453.920166015625 1434.0101318359375 1325.690185546875 1277.8201904296875 1214.5401611328125 1169.24560546875 1137.3656005859375 1111.0556640625 1086.1055908203125 1064.735595703125 1043.6456298828125 1021.82562255859375 1001.3455810546875 976.7366943359375 951.586669921875 926.07672119140625 899.55670166015625
1416.8072509765625 1432.63720703125 1466.5572509765625 1494.667236328125 1497.42724609375 1495.9149169921875 1509.1549072265625 1514.10498046875 1561.3349609375 1564.9849853515625 1549.304931640625 1502.9349365234375 1495.885009765625 1483.383544921875 1474.0435791015625 1456.943603515625 1452.5235595703125 1487.5736083984375 1552.8935546875 1514.62353515625 1549.95361328125 1571.5281982421875 1542.5281982421875 1521.42822265625 1481.688232421875 1446.3182373046875 1376.0982666015625 1297.8082275390625 1229.748291015625 1189.4443359375 1154.8443603515625 1126.914306640625 1100.874267578125 1076.5843505859375 1051.7242431640625 1027.604248046875 1007.70428466796875 983.086669921875 955.54669189453125 922.356689453125 894.2266845703125
1449.17724609375 1478.5672607421875 1501.8272705078125 1525.9971923828125 1538.0072021484375 1538.534912109375 1556.864990234375 1563.8349609375 1604.1448974609375 1612.1448974609375 1606.044921875 1579.885009765625 1540.9549560546875 1522.0035400390625 1513.853515625 1499.93359375 1496.5635986328125 1507.8336181640625 1593.5035400390625 1558.7935791015625 1589.0235595703125 1599.5482177734375 1571.2882080078125 1540.7982177734375 1498.7581787109375 1462.0782470703125 1398.458251953125 1306.8082275390625 1245.5682373046875 1204.704345703125 1169.7742919921875 1139.7342529296875 1113.164306640625 1087.13427734375 1058.4443359375 1030.5242919921875 1009.5643310546875 985.57666015625 956.40667724609375 921.28668212890625 892.93670654296875
1478.607177734375 1506.71728515625 1540.9971923828125 1561.0072021484375 1579.8671875 1574.6949462890625 1593.7049560546875 1604.9649658203125 1647.6649169921875 1652.9749755859375 1656.31494140625 1642.7249755859375 1606.074951171875 1559.3935546875 1557.193603515625 1549.7435302734375 1544.2236328125 1545.62353515625 1621.963623046875 1629.2735595703125 1636.9736328125 1624.5682373046875 1590.92822265625 1549.8082275390625 1508.498291015625 1467.0181884765625 1415.408203125 1319.3782958984375 1259.3282470703125 1217.2342529296875 1182.3343505859375 1149.8043212890625 1121.4742431640625 1095.7742919921875 1067.0142822265625 1034.2943115234375 1011.09429931640625 986.9766845703125 954.86669921875 918.336669921875 889.93670654296875
1520.0372314453125 1535.17724609375 1575.71728515625 1593.667236328125 1616.9971923828125 1617.594970703125 1623.3349609375 1662.554931640625 1677.094970703125 1694.27490234375 1700.31494140625 1687.764892578125 1668.1549072265625 1605.8135986328125 1601.7535400390625 1597.4736328125 1588.923583984375 1604.12353515625 1683.0335693359375 1678.8035888671875 1655.7236328125 1649.7681884765625 1611.2982177734375 1564.5982666015625 1517.158203125 1481.67822265625 1428.71826171875 1323.658203125 1270.3182373046875 1227.2642822265625 1191.0543212890625 1156.3343505859375 1126.0242919921875 1099.7843017578125 1071.5543212890625 1040.104248046875 1011.83428955078125 983.2266845703125 949.9666748046875 914.07666015625 885.18670654296875
