Inputs/NGoM/1min_NGoM_bathymetry.asc
ncols        180
nrows        90
xllcorner    -88.508379890000
yllcorner    28.991573030000
dx           0.016759776556
dy           0.016853932667
NODATA_value -9999
[rows 72 to 89 of 90, columns 82 to 122 of 180]
685.875 689.7249755859375 696.4949951171875 705.31500244140625 717.195068359375 733.8150634765625 753.63507080078125 806.93505859375 884.52508544921875 778.79510498046875 668.80511474609375 624.715087890625 590.67706298828125 561.75701904296875 541.99700927734375 529.25701904296875 514.51702880859375 500.75701904296875 491.627044677734375 480.45703125 469.55572509765625 458.93572998046875 449.855712890625 441.285736083984375 431.445709228515625 422.715728759765625 414.375732421875 407.015716552734375 399.02044677734375 392.050445556640625 383.76043701171875 376.3304443359375 369.940460205078125 360.8404541015625 354.480438232421875 350.370452880859375 344.58905029296875 338.799041748046875 332.159027099609375 325.68902587890625 319.059051513671875
711.70501708984375 717.67498779296875 726.0150146484375 732.69500732421875 743.6151123046875 755.965087890625 765.41510009765625 846.3350830078125 890.30511474609375 749.3150634765625 658.49505615234375 620.445068359375 591.93701171875 566.8470458984375 550.0570068359375 536.76702880859375 522.3170166015625 509.217041015625 497.107025146484375 485.28704833984375 475.345733642578125 466.225738525390625 455.16571044921875 447.11572265625 438.085723876953125 428.55572509765625 421.66571044921875 413.145721435546875 405.41046142578125 398.550445556640625 390.920440673828125 383.990447998046875 377.26043701171875 368.90045166015625 362.310455322265625 357.570465087890625 351.679046630859375 345.049041748046875 338.259033203125 332.659027099609375 327.8790283203125
738.67498779296875 743.14495849609375 749.79498291015625 757.52496337890625 763.17510986328125 766.53509521484375 796.29510498046875 853.42510986328125 821.26507568359375 709.54510498046875 646.26507568359375 618.00506591796875 593.67706298828125 573.04705810546875 555.74700927734375 543.0570068359375 528.38702392578125 512.50701904296875 499.8370361328125 488.40704345703125 479.225738525390625 470.2457275390625 459.91571044921875 451.205718994140625 442.06573486328125 433.075714111328125 425.835723876953125 417.36572265625 408.940460205078125 401.380462646484375 394.360443115234375 387.810455322265625 381.64044189453125 374.66046142578125 368.250457763671875 362.0804443359375 355.419036865234375 349.159027099609375 342.94903564453125 336.969024658203125 330.779052734375
760.43499755859375 763.9849853515625 766.53497314453125 772.40496826171875 775.235107421875 796.695068359375 859.18505859375 843.25506591796875 762.965087890625 689.965087890625 645.72509765625 621.5850830078125 601.24700927734375 576.967041015625 557.487060546875 541.28704833984375 527.3070068359375 513.26702880859375 501.227020263671875 490.39703369140625 481.11572265625 472.375732421875 462.17572021484375 453.36572265625 444.375732421875 435.7457275390625 427.895721435546875 419.625732421875 410.470458984375 401.610443115234375 395.630462646484375 388.78045654296875 383.39044189453125 378.03045654296875 371.500457763671875 365.570465087890625 359.31903076171875 352.049041748046875 347.049041748046875 339.69903564453125 333.3890380859375
781.2449951171875 780.594970703125 779.2550048828125 780.40496826171875 786.03509521484375 825.29510498046875 911.52508544921875 838.41510009765625 733.64508056640625 682.3250732421875 653.8450927734375 629.55511474609375 606.8570556640625 582.16705322265625 561.15704345703125 543.3570556640625 528.95703125 516.50701904296875 504.937042236328125 493.917022705078125 483.54571533203125 472.775726318359375 463.965728759765625 455.645721435546875 446.465728759765625 437.80572509765625 429.645721435546875 421.7457275390625 413.320465087890625 404.950439453125 398.66046142578125 392.27044677734375 387.060455322265625 381.71044921875 375.190460205078125 368.980438232421875 362.3890380859375 355.009033203125 348.979034423828125 343.33905029296875 337.739044189453125
800.80499267578125 797.77496337890625 793.4949951171875 803.81500244140625 816.735107421875 836.47509765625 848.49505615234375 795.79510498046875 726.93505859375 686.3651123046875 658.49505615234375 632.985107421875 609.89703369140625 586.0570068359375 565.89703369140625 549.11700439453125 534.237060546875 521.237060546875 509.3470458984375 498.28704833984375 487.835723876953125 476.715728759765625 467.325714111328125 457.9957275390625 447.875732421875 439.585723876953125 431.535736083984375 424.155731201171875 417.40045166015625 409.980438232421875 403.28045654296875 397.050445556640625 392.240447998046875 386.14044189453125 379.03045654296875 372.620452880859375 366.6390380859375 359.809051513671875 354.529052734375 348.3790283203125 343.58905029296875
818.9566650390625 816.04669189453125 828.31671142578125 869.57672119140625 855.25128173828125 836.581298828125 802.39129638671875 754.1812744140625 713.65130615234375 679.8212890625 653.88128662109375 631.3212890625 611.337158203125 587.66717529296875 569.45721435546875 553.7572021484375 538.68719482421875 525.087158203125 513.02716064453125 501.127197265625 490.722442626953125 480.012451171875 470.012451171875 461.00244140625 452.1324462890625 442.662445068359375 434.30242919921875 427.152435302734375 421.26605224609375 414.096038818359375 407.02606201171875 400.5760498046875 395.12603759765625 388.856048583984375 381.7060546875 374.736053466796875 368.37890625 362.148895263671875 356.9888916015625 351.18890380859375 345.228912353515625
837.86669921875 833.9866943359375 839.5067138671875 862.4666748046875 853.09130859375 820.7113037109375 784.6912841796875 742.64129638671875 705.00128173828125 674.85125732421875 649.98126220703125 628.88128662109375 609.45721435546875 589.5072021484375 571.65716552734375 555.94720458984375 541.19720458984375 527.54718017578125 515.05718994140625 503.54718017578125 493.022430419921875 482.94244384765625 473.292449951171875 464.102447509765625 455.31243896484375 446.232421875 437.69244384765625 430.232421875 423.5660400390625 416.63604736328125 409.5660400390625 402.916046142578125 396.5760498046875 390.356048583984375 383.366058349609375 375.856048583984375 369.05889892578125 362.708892822265625 357.608917236328125 352.468902587890625 347.44891357421875
864.7467041015625 856.7066650390625 852.56671142578125 850.90667724609375 833.55126953125 800.52130126953125 766.22125244140625 733.4512939453125 700.63128662109375 671.52130126953125 646.80126953125 626.9212646484375 608.34716796875 590.2471923828125 572.79718017578125 556.82720947265625 542.57720947265625 529.20721435546875 516.78717041015625 505.4871826171875 495.262451171875 485.592437744140625 476.3824462890625 466.712432861328125 458.392425537109375 449.472442626953125 440.80242919921875 432.972442626953125 425.76605224609375 418.716064453125 411.606048583984375 404.8360595703125 398.906036376953125 392.966064453125 385.536041259765625 377.996063232421875 371.018890380859375 364.69891357421875 359.538909912109375 354.228912353515625 349.06890869140625
891.07672119140625 872.2366943359375 854.36669921875 837.57672119140625 812.97125244140625 782.87127685546875 751.9312744140625 724.9613037109375 696.1712646484375 668.84130859375 643.30126953125 626.561279296875 608.5072021484375 591.70721435546875 573.81719970703125 557.587158203125 544.09716796875 530.77716064453125 518.77716064453125 507.41717529296875 497.762451171875 488.102447509765625 479.68243408203125 469.1224365234375 460.452423095703125 451.332427978515625 443.472442626953125 435.3624267578125 428.13604736328125 420.89605712890625 413.616058349609375 406.52606201171875 400.00604248046875 394.846038818359375 388.0760498046875 381.446044921875 374.908905029296875 368.398895263671875 363.278900146484375 357.668914794921875 351.55889892578125
897.18670654296875 876.7667236328125 854.5067138671875 827.61669921875 803.26129150390625 779.37127685546875 749.15130615234375 722.061279296875 695.1712646484375 669.2113037109375 645.2113037109375 627.86126708984375 610.30718994140625 593.627197265625 576.5072021484375 560.80718994140625 547.05718994140625 533.95721435546875 521.90716552734375 510.91717529296875 500.972442626953125 491.392425537109375 482.3624267578125 472.392425537109375 463.012451171875 453.75244140625 444.202423095703125 437.00244140625 430.796051025390625 423.26605224609375 415.986053466796875 408.856048583984375 402.856048583984375 397.306060791015625 390.296051025390625 384.446044921875 379.5089111328125 372.618896484375 367.44891357421875 362.098907470703125 356.2388916015625
893.7066650390625 875.2467041015625 851.0167236328125 825.7467041015625 801.37127685546875 776.4512939453125 749.28131103515625 722.49127197265625 696.5712890625 671.7012939453125 649.2012939453125 630.27130126953125 612.92718505859375 596.19720458984375 579.857177734375 564.4971923828125 550.45721435546875 537.4971923828125 525.63720703125 514.7171630859375 504.492431640625 494.732421875 485.352447509765625 476.222442626953125 467.712432861328125 458.262451171875 448.3824462890625 440.3624267578125 433.296051025390625 426.036041259765625 418.856048583984375 412.036041259765625 405.846038818359375 398.926055908203125 392.51605224609375 386.666046142578125 381.12890625 375.908905029296875 369.898895263671875 363.92889404296875 359.038909912109375
887.8466796875 865.42669677734375 842.3466796875 820.55670166015625 798.00128173828125 773.38128662109375 748.541259765625 723.48126220703125 698.39129638671875 673.98126220703125 651.541259765625 632.791259765625 615.70721435546875 599.17718505859375 583.16717529296875 567.9671630859375 553.78717041015625 540.7572021484375 529.16717529296875 518.44720458984375 508.032440185546875 497.902435302734375 488.07244873046875 478.972442626953125 470.352447509765625 461.05242919921875 451.75244140625 443.6324462890625 436.096038818359375 428.726043701171875 421.656036376953125 414.87603759765625 408.556060791015625 401.8160400390625 395.166046142578125 389.13604736328125 383.888916015625 378.30889892578125 372.43890380859375 366.7388916015625 361.2589111328125
877.2066650390625 853.606689453125 831.9566650390625 814.53668212890625 794.7012939453125 769.59130859375 746.9613037109375 723.02130126953125 698.6912841796875 674.99127197265625 652.22125244140625 634.89129638671875 617.3671875 601.2672119140625 585.91717529296875 570.88720703125 556.7171630859375 543.63720703125 532.587158203125 522.17718505859375 511.3724365234375 500.93243408203125 490.352447509765625 481.31243896484375 473.1324462890625 463.142425537109375 453.992431640625 446.242431640625 438.8260498046875 431.106048583984375 424.296051025390625 417.286041259765625 411.0860595703125 405.056060791015625 398.2060546875 391.77606201171875 386.408905029296875 380.68890380859375 374.43890380859375 368.68890380859375 363.278900146484375
870.92669677734375 848.32666015625 827.68670654296875 810.52667236328125 790.80902099609375 765.6090087890625 742.53900146484375 717.66900634765625 694.69903564453125 673.33905029296875 652.53900146484375 634.6290283203125 616.2037353515625 600.853759765625 586.833740234375 572.74371337890625 559.353759765625 547.103759765625 536.26373291015625 525.32373046875 514.255615234375 503.485626220703125 493.155609130859375 484.465606689453125 475.6456298828125 465.855621337890625 456.755615234375 448.665618896484375 441.163848876953125 433.62384033203125 426.593841552734375 419.593841552734375 413.0738525390625 406.44384765625 400.13385009765625 393.923828125 387.885955810546875 381.89593505859375 375.575958251953125 370.125946044921875 364.78594970703125
869.0067138671875 847.67669677734375 827.63665771484375 807.86669921875 785.989013671875 761.92901611328125 738.03900146484375 713.989013671875 691.259033203125 670.3590087890625 650.8990478515625 633.1290283203125 616.09375 600.6837158203125 586.76373291015625 573.63372802734375 561.34375 549.78375244140625 538.79376220703125 527.853759765625 516.80560302734375 505.82562255859375 495.57562255859375 486.405609130859375 477.405609130859375 468.1356201171875 459.3856201171875 451.24560546875 443.48382568359375 436.013824462890625 428.74383544921875 421.713836669921875 414.94384765625 408.513824462890625 402.583831787109375 396.433837890625 389.41595458984375 383.595947265625 379.54595947265625 373.64593505859375 367.595947265625
866.61669921875 847.66668701171875 828.0067138671875 806.9466552734375 782.8890380859375 757.53900146484375 733.70904541015625 709.45904541015625 686.79901123046875 666.69903564453125 648.1090087890625 631.47900390625 614.86370849609375 599.603759765625 586.03375244140625 573.7137451171875 562.6837158203125 551.75372314453125 541.00372314453125 530.25372314453125 519.255615234375 507.785614013671875 497.175628662109375 488.215606689453125 479.355621337890625 470.18560791015625 461.69561767578125 453.6356201171875 445.853851318359375 438.523834228515625 430.99383544921875 423.87384033203125 416.583831787109375 410.11383056640625 404.62384033203125 399.273834228515625 394.595947265625 389.03594970703125 383.28594970703125 377.65594482421875 371.41595458984375
862.61669921875 847.4866943359375 827.43670654296875 806.92669677734375 781.05902099609375 752.67901611328125 730.07904052734375 704.8590087890625 682.2490234375 663.6390380859375 645.83905029296875 630.3489990234375 613.4837646484375 598.4537353515625 585.34375 573.51373291015625 563.603759765625 552.76373291015625 542.6837158203125 531.833740234375 521.6556396484375 509.115631103515625 497.95562744140625 490.045623779296875 481.235626220703125 471.905609130859375 463.675628662109375 456.225616455078125 448.333831787109375 441.433837890625 433.0538330078125 426.513824462890625 418.653839111328125 411.293853759765625 405.893829345703125 400.153839111328125 394.065948486328125 388.195953369140625 382.135955810546875 377.055938720703125 371.815948486328125
