Inputs/NGoM/1min_NGoM_bathymetry.asc
ncols        180
nrows        90
xllcorner    -88.508379890000
yllcorner    28.991573030000
dx           0.016759776556
dy           0.016853932667
NODATA_value -9999
[rows 54 to 71 of 90, columns 123 to 163 of 180]
151.6533050537109375 147.8433074951171875 142.8733062744140625 138.5698699951171875 134.8198699951171875 130.7398681640625 125.79986572265625 122.22986602783203125 120.33986663818359375 121.3498687744140625 118.8498687744140625 98.46581268310546875 100.16580963134765625 94.865814208984375 92.32581329345703125 89.07581329345703125 83.96581268310546875 81.49581146240234375 78.5658111572265625 76.88722991943359375 74.69722747802734375 71.33722686767578125 66.5372314453125 60.66722869873046875 55.187229156494140625 49.797229766845703125 45.537227630615234375 42.9956817626953125 42.945682525634765625 42.335681915283203125 41.805683135986328125 41.555683135986328125 40.945682525634765625 40.725681304931640625 40.2156829833984375 38.770061492919921875 35.880062103271484375 33.470062255859375 33.93006134033203125 31.6100616455078125 30.090061187744140625
156.88330078125 153.5832977294921875 147.94329833984375 143.7398681640625 139.80987548828125 135.869873046875 131.019866943359375 126.71987152099609375 123.149871826171875 121.459869384765625 119.769866943359375 114.175811767578125 110.68581390380859375 104.63581085205078125 99.19580841064453125 92.8358154296875 87.51580810546875 84.0058135986328125 80.82581329345703125 78.66722869873046875 76.377227783203125 74.22722625732421875 70.57723236083984375 65.2872314453125 59.227230072021484375 54.467227935791015625 49.077228546142578125 43.255680084228515625 42.4656829833984375 42.67568206787109375 42.405681610107421875 42.655681610107421875 42.155681610107421875 41.515682220458984375 40.56568145751953125 38.620059967041015625 34.660060882568359375 33.170063018798828125 33.21006011962890625 31.200061798095703125 30.380062103271484375
163.2633056640625 159.5032958984375 153.5032958984375 149.42987060546875 145.2398681640625 141.1698760986328125 136.0998687744140625 131.339874267578125 127.41986846923828125 123.959869384765625 119.72986602783203125 115.68581390380859375 111.0658111572265625 105.64581298828125 101.30580902099609375 96.3158111572265625 90.51580810546875 86.235809326171875 83.0858154296875 79.2372283935546875 77.377227783203125 76.257232666015625 73.07723236083984375 68.30722808837890625 62.9872283935546875 58.13722991943359375 52.88722991943359375 47.365680694580078125 42.765682220458984375 42.5256805419921875 42.835681915283203125 43.435680389404296875 42.9656829833984375 42.055683135986328125 40.125682830810546875 38.550060272216796875 35.25006103515625 33.270061492919921875 33.0800628662109375 31.690061569213867188 31.560062408447265625
169.9333038330078125 165.973297119140625 159.6533050537109375 155.519866943359375 150.769866943359375 146.2898712158203125 141.2198638916015625 136.10986328125 131.7798614501953125 127.91986846923828125 122.86986541748046875 118.49581146240234375 113.8458099365234375 108.49581146240234375 104.55580902099609375 99.5058135986328125 92.705810546875 87.7258148193359375 84.26580810546875 79.94722747802734375 78.9272308349609375 77.49723052978515625 74.82723236083984375 70.44722747802734375 65.49723052978515625 60.55722808837890625 55.647228240966796875 51.2156829833984375 45.875682830810546875 41.575679779052734375 42.09568023681640625 43.13568115234375 43.055683135986328125 42.555683135986328125 40.88568115234375 38.780059814453125 36.090061187744140625 33.230060577392578125 32.4400634765625 31.950061798095703125 32.620059967041015625
176.7133026123046875 173.06329345703125 166.6233062744140625 161.9498748779296875 156.1998748779296875 152.209869384765625 147.0998687744140625 141.6598663330078125 136.7498626708984375 132.1598663330078125 126.8198699951171875 122.3358154296875 117.41580963134765625 112.30580902099609375 107.865814208984375 102.955810546875 96.74581146240234375 90.4758148193359375 85.60581207275390625 82.05722808837890625 79.22722625732421875 77.80722808837890625 75.66722869873046875 72.687225341796875 68.2972259521484375 62.397228240966796875 57.2372283935546875 53.4956817626953125 48.445682525634765625 43.945682525634765625 41.17568206787109375 42.005680084228515625 44.45568084716796875 43.505680084228515625 41.555683135986328125 39.550060272216796875 36.4400634765625 33.560062408447265625 33.740062713623046875 33.1100616455078125 33.350063323974609375
184.223297119140625 180.8632965087890625 174.2733001708984375 169.8198699951171875 162.769866943359375 158.019866943359375 153.2898712158203125 147.6898651123046875 142.17987060546875 136.709869384765625 131.9198760986328125 126.90581512451171875 121.24581146240234375 116.07581329345703125 111.65581512451171875 106.41580963134765625 101.24581146240234375 93.8458099365234375 86.99581146240234375 84.1472320556640625 80.61722564697265625 78.817230224609375 76.86722564697265625 74.09722900390625 70.71723175048828125 66.0472259521484375 60.367229461669921875 55.84568023681640625 51.155681610107421875 46.2456817626953125 42.985683441162109375 41.63568115234375 43.92568206787109375 43.735683441162109375 42.075679779052734375 39.800060272216796875 35.65006256103515625 34.840061187744140625 33.29006195068359375 33.6100616455078125 32.950061798095703125
191.88330078125 188.2733001708984375 182.56329345703125 177.589874267578125 170.209869384765625 165.209869384765625 159.7898712158203125 153.769866943359375 148.17987060546875 142.459869384765625 137.5098724365234375 131.985809326171875 125.7558135986328125 120.49581146240234375 115.77581024169921875 110.14581298828125 104.735809326171875 97.96581268310546875 90.0958099365234375 86.21723175048828125 82.627227783203125 79.5372314453125 77.86722564697265625 75.13722991943359375 71.74723052978515625 66.88722991943359375 62.647228240966796875 58.415679931640625 53.7756805419921875 48.42568206787109375 43.88568115234375 43.88568115234375 41.325679779052734375 43.475681304931640625 42.665679931640625 39.8600616455078125 35.170063018798828125 33.230060577392578125 32.300060272216796875 32.04006195068359375 30.640062332153320313
201.2133026123046875 196.3932952880859375 191.31329345703125 185.3498687744140625 177.7498626708984375 172.5298614501953125 167.2298736572265625 160.9398651123046875 155.3498687744140625 149.2498626708984375 143.9398651123046875 138.175811767578125 131.5758056640625 125.7558135986328125 119.0058135986328125 113.4758148193359375 108.5858154296875 101.49581146240234375 94.8358154296875 89.59722900390625 84.69722747802734375 80.72722625732421875 78.5472259521484375 76.0472259521484375 73.127227783203125 68.88722991943359375 65.4272308349609375 60.905681610107421875 56.355682373046875 51.515682220458984375 47.81568145751953125 43.125682830810546875 43.31568145751953125 43.5256805419921875 43.545680999755859375 39.600063323974609375 36.410060882568359375 35.29006195068359375 34.76006317138671875 33.270061492919921875 33.00006103515625
210.4929046630859375 204.1529083251953125 199.7729034423828125 193.4107513427734375 184.95074462890625 180.230743408203125 175.4007568359375 169.7807464599609375 163.5907440185546875 157.420745849609375 151.550750732421875 145.071868896484375 138.22186279296875 131.5818634033203125 124.0518646240234375 118.15186309814453125 113.1418609619140625 105.7718658447265625 99.251861572265625 93.4588470458984375 87.4888458251953125 82.52884674072265625 78.9388427734375 76.69884490966796875 74.49884033203125 70.75884246826171875 67.39884185791015625 63.79583740234375 59.22583770751953125 54.425838470458984375 52.095836639404296875 47.44583892822265625 43.245838165283203125 44.69583892822265625 45.275836944580078125 43.658931732177734375 40.50893402099609375 38.688934326171875 36.97893524169921875 35.738933563232421875 35.0789337158203125
220.262908935546875 214.202911376953125 208.41290283203125 203.1407470703125 193.33074951171875 188.7607574462890625 183.990753173828125 175.670745849609375 171.08074951171875 165.8807525634765625 159.9407501220703125 153.09185791015625 145.911865234375 139.161865234375 130.8618621826171875 124.48186492919921875 118.70186614990234375 110.6718597412109375 104.40186309814453125 98.62884521484375 91.348846435546875 84.468841552734375 80.66884613037109375 77.17884063720703125 76.05884552001953125 72.598846435546875 69.72884368896484375 67.4358367919921875 61.955837249755859375 54.705837249755859375 52.785839080810546875 50.595836639404296875 45.3758392333984375 44.075836181640625 44.1558380126953125 44.588932037353515625 44.75893402099609375 41.3589324951171875 38.708934783935546875 37.958934783935546875 38.03893280029296875
231.9729156494140625 224.132904052734375 217.6129150390625 211.2507476806640625 205.1307525634765625 198.6607513427734375 193.300750732421875 185.6607513427734375 179.980743408203125 174.0407562255859375 169.230743408203125 161.9818572998046875 154.97186279296875 148.001861572265625 139.0118560791015625 132.2418670654296875 125.68186187744140625 117.72186279296875 111.411865234375 104.89884185791015625 98.39884185791015625 89.7088470458984375 83.33884429931640625 78.968841552734375 76.0788421630859375 73.55884552001953125 72.1088409423828125 70.52584075927734375 63.36583709716796875 56.175838470458984375 53.97583770751953125 52.3758392333984375 50.19583892822265625 46.785839080810546875 44.9058380126953125 44.25893402099609375 45.058933258056640625 43.838932037353515625 41.50893402099609375 39.78893280029296875 40.36893463134765625
240.4029083251953125 233.4029083251953125 226.9029083251953125 222.860748291015625 217.08074951171875 210.2207489013671875 204.2607574462890625 196.680755615234375 190.3207550048828125 185.5707550048828125 179.520751953125 173.3318634033203125 165.6818695068359375 158.85186767578125 149.661865234375 142.7318572998046875 134.10186767578125 125.95186614990234375 118.84186553955078125 112.12884521484375 104.99884033203125 97.64884185791015625 88.58884429931640625 82.8288421630859375 78.02884674072265625 75.158843994140625 73.69884490966796875 72.31583404541015625 65.22583770751953125 59.00583648681640625 54.825836181640625 53.55583953857421875 52.97583770751953125 51.44583892822265625 50.415836334228515625 48.50893402099609375 46.708934783935546875 45.17893218994140625 43.31893157958984375 42.458934783935546875 41.698932647705078125
252.2229156494140625 246.48291015625 239.952911376953125 232.7607574462890625 224.420745849609375 217.8507537841796875 214.920745849609375 208.930755615234375 203.300750732421875 197.96075439453125 188.990753173828125 183.47186279296875 176.5318603515625 169.0418701171875 162.8918609619140625 154.7318572998046875 146.97186279296875 137.6818695068359375 129.2618560791015625 121.89884185791015625 113.81884002685546875 106.49884033203125 99.50884246826171875 89.3288421630859375 82.42884063720703125 78.19884490966796875 76.30884552001953125 73.36583709716796875 64.8458404541015625 60.1558380126953125 55.83583831787109375 55.205837249755859375 54.6558380126953125 52.9058380126953125 52.1258392333984375 52.248931884765625 51.56893157958984375 49.47893524169921875 46.17893218994140625 44.158931732177734375 43.098934173583984375
262.3629150390625 257.222900390625 251.48291015625 243.4107513427734375 236.9107513427734375 229.83074951171875 223.680755615234375 218.58074951171875 212.6507568359375 206.8207550048828125 198.2507476806640625 192.15185546875 186.15185546875 180.7318572998046875 173.0418701171875 165.35186767578125 157.2018585205078125 149.0418701171875 141.2618560791015625 132.25885009765625 124.33884429931640625 117.61884307861328125 108.03884124755859375 97.16884613037109375 89.36884307861328125 83.00884246826171875 80.2388458251953125 75.91584014892578125 65.69583892822265625 60.80583953857421875 58.665836334228515625 58.58583831787109375 59.015838623046875 57.44583892822265625 56.29583740234375 54.67893218994140625 53.46893310546875 52.518932342529296875 51.488933563232421875 50.248931884765625 48.918933868408203125
274.28289794921875 267.252899169921875 260.652923583984375 253.70074462890625 247.6007537841796875 240.2607574462890625 232.7207489013671875 226.6907501220703125 220.740753173828125 215.21075439453125 208.4407501220703125 203.6118621826171875 196.561859130859375 189.9218597412109375 184.441864013671875 178.321868896484375 170.751861572265625 163.7718658447265625 156.2918701171875 148.2288360595703125 139.9588470458984375 135.1188507080078125 117.67884063720703125 103.67884063720703125 102.2088470458984375 93.098846435546875 83.6888427734375 79.04583740234375 71.79583740234375 64.04583740234375 61.61583709716796875 61.94583892822265625 62.315837860107421875 61.275836944580078125 61.385837554931640625 59.47893524169921875 56.92893218994140625 54.018932342529296875 52.31893157958984375 52.138935089111328125 49.688934326171875
285.452911376953125 278.522918701171875 271.18292236328125 262.800750732421875 255.46075439453125 248.8407440185546875 242.4007568359375 235.8407440185546875 229.920745849609375 224.21075439453125 219.3207550048828125 213.22186279296875 207.061859130859375 200.7018585205078125 195.381866455078125 188.2918701171875 181.22186279296875 174.7418670654296875 167.321868896484375 160.2988433837890625 152.99884033203125 146.6488494873046875 138.158843994140625 118.7688446044921875 117.00884246826171875 108.64884185791015625 99.6388397216796875 87.22583770751953125 78.31583404541015625 73.22583770751953125 66.3758392333984375 64.27584075927734375 63.385837554931640625 62.665836334228515625 62.1258392333984375 61.14893341064453125 60.36893463134765625 59.198932647705078125 55.528934478759765625 52.7989349365234375 51.5789337158203125
293.119049072265625 285.95904541015625 278.369049072265625 271.5213623046875 264.351348876953125 258.401336669921875 252.2713470458984375 245.541351318359375 239.5013427734375 233.411346435546875 228.32135009765625 222.0958404541015625 216.92584228515625 211.18585205078125 203.9458465576171875 197.205841064453125 191.025848388671875 185.1258392333984375 178.1058502197265625 171.7587432861328125 165.188751220703125 157.9187469482421875 149.2587432861328125 139.96875 131.998748779296875 124.39875030517578125 116.86875152587890625 104.24224090576171875 87.792236328125 79.3122406005859375 74.4322357177734375 70.36223602294921875 66.47223663330078125 63.822238922119140625 63.102237701416015625 63.039394378662109375 61.529392242431640625 60.72939300537109375 59.029392242431640625 56.749393463134765625 57.719390869140625
300.989044189453125 294.51904296875 288.69903564453125 281.241363525390625 273.911346435546875 268.20135498046875 261.921356201171875 254.8313446044921875 248.88134765625 242.44134521484375 236.721343994140625 231.265838623046875 226.025848388671875 220.4058380126953125 211.4758453369140625 206.0758514404296875 200.275848388671875 194.73583984375 188.7258453369140625 182.1787567138671875 175.318756103515625 167.8887481689453125 161.2387542724609375 155.4587554931640625 145.618743896484375 137.0787506103515625 129.8887481689453125 125.0922393798828125 115.21224212646484375 105.3722381591796875 92.97223663330078125 86.11223602294921875 78.1222381591796875 69.9222412109375 64.44223785400390625 63.169391632080078125 61.539394378662109375 62.039394378662109375 59.289394378662109375 60.169391632080078125 61.2993927001953125
