Inputs/NGoM/1min_NGoM_bathymetry.asc
ncols        180
nrows        90
xllcorner    -88.508379890000
yllcorner    28.991573030000
dx           0.016759776556
dy           0.016853932667
NODATA_value -9999
[rows 0 to 17 of 90, columns 0 to 40 of 180]
0.0 0 0 0 0 0 0 0 0 0 0 0 0 0 0 0 0 0 0 0 0 0 0 0 2.2529323101043701172 2.9829320907592773438 3.2129321098327636719 3.7629323005676269531 3.6629321575164794922 3.5929322242736816406 4.0883541107177734375 4.0183539390563964844 3.2683541774749755859 1.9783540964126586914 0 0 0 0 0 0 0
0 0 0 0 0 0 0 0 0 0 0 0 0 0 0 0 0 0 0 0 0 0 0 0 0.91293221712112426758 3.0229322910308837891 3.2129321098327636719 3.1729321479797363281 4.7529320716857910156 4.3229322433471679688 3.9483540058135986328 3.8583540916442871094 2.9083540439605712891 1.7283540964126586914 0 0 0 0 0 0 0
0 0 0 0 0 0 0 0 0 0 0 0 0 0 0 0 0 0 0 0 0 0 0 0 1.4929322004318237305 3.2229321002960205078 3.5529322624206542969 3.4829320907592773438 3.6529321670532226563 5.19293212890625 4.0283541679382324219 4.1383543014526367188 3.5983541011810302734 2.9583539962768554688 1.3683540821075439453 0 0 0 0 0 0
0 0 0 0 0 0 0 0 0 0 0 0 0 0 0 0 0 0 0 0 0 0 0 0 2.44293212890625 3.4729321002960205078 3.7229321002960205078 3.7929322719573974609 3.8229322433471679688 5.532932281494140625 3.918354034423828125 4.00835418701171875 3.7683541774749755859 3.5283541679382324219 2.1083540916442871094 0 0 0 0 0 0
0 0 0 0 0 0 0 0 0 0 0 0 0 0 0 0 0 0 0 0 0 0 0 0 2.0529322624206542969 3.5029323101043701172 3.7429323196411132813 3.8629322052001953125 3.8729321956634521484 5.6129322052001953125 3.8683540821075439453 3.9283540248870849609 3.8583540916442871094 3.6183540821075439453 2.5583541393280029297 0 0 0 0 0 0
0 0 0 0 0 0 0 0 0 0 0 0 0 0 0 0 0 0 0 0 0 0 0 0 1.6729321479797363281 3.4629321098327636719 3.782932281494140625 3.8729321956634521484 4.6829323768615722656 4.8629322052001953125 3.8583540916442871094 3.9283540248870849609 3.918354034423828125 3.6583540439605712891 2.7183539867401123047 0.41835409402847290039 0 0 0 0 0
0 0 0 0 0 0 0 0.092956140637397766113 1.4529561996459960938 1.572956085205078125 1.2829561233520507813 0 0 0 0 0 0 0 0 0 0 0 0 0 1.895804286003112793 3.5558042526245117188 3.8958041667938232422 3.8758041858673095703 5.515804290771484375 4.0958042144775390625 3.8746199607849121094 3.9246199131011962891 3.9246199131011962891 3.7546200752258300781 3.3946199417114257813 3.0746200084686279297 1.9946199655532836914 0 0 0.29436594247817993164 0.17436593770980834961
0 0 0 0 0 0.27798289060592651367 1.2129561901092529297 1.6729561090469360352 2.0629560947418212891 2.5129561424255371094 1.7729561328887939453 0.11295614391565322876 1.1629561185836791992 1.442956089973449707 1.107850193977355957 0.027850246056914329529 0 0 0 0 0 0 0 0 2.2558043003082275391 3.7558043003082275391 3.9658043384552001953 3.8258042335510253906 5.6658043861389160156 3.9458043575286865234 3.8946199417114257813 3.8846199512481689453 3.8946199417114257813 3.7846200466156005859 3.5746200084686279297 3.3646199703216552734 3.0946199893951416016 2.3746199607849121094 0.87436592578887939453 0.3943659365177154541 0
0 0 0.037982903420925140381 0.52798289060592651367 0.3979828953742980957 0 0.9629561305046081543 2.2529561519622802734 2.9029562473297119141 2.9329562187194824219 2.9529561996459960938 2.7829561233520507813 2.572956085205078125 2.3529560565948486328 0.80785024166107177734 1.6878502368927001953 1.5478502511978149414 0.78785026073455810547 0.45785024762153625488 0 0 0 0 0.53580427169799804688 3.265804290771484375 3.8358042240142822266 3.8858041763305664063 3.7258043289184570313 5.7358040809631347656 3.8458042144775390625 3.8146200180053710938 3.7946200370788574219 3.7846200466156005859 3.684619903564453125 3.52462005615234375 3.4746201038360595703 3.2346200942993164063 2.9546198844909667969 2.6043658256530761719 1.304365992546081543 0
0 0 0 1.3779828548431396484 1.6779829263687133789 1.407982945442199707 2.8829560279846191406 3.6129560470581054688 3.7529561519622802734 3.6729562282562255859 3.5829560756683349609 3.4229562282562255859 3.322956085205078125 2.072956085205078125 0.28785026073455810547 1.5878502130508422852 1.607850193977355957 1.237850189208984375 0 0 0 0.037850245833396911621 0.28580427169799804688 2.5758042335510253906 3.5658042430877685547 3.7458043098449707031 3.7558043003082275391 3.6758043766021728516 5.6158041954040527344 3.7858042716979980469 3.7346200942993164063 3.6946198940277099609 3.6746199131011962891 3.5846199989318847656 3.434619903564453125 3.4046199321746826172 3.2346200942993164063 3.0846199989318847656 2.9343659877777099609 2.6243660449981689453 1.0143659114837646484
0 0 0.94798290729522705078 1.7179828882217407227 2.0879828929901123047 3.2979829311370849609 3.8429560661315917969 4.1729559898376464844 4.3029561042785644531 4.2529559135437011719 4.1029562950134277344 3.7329561710357666016 3.5129561424255371094 2.5429561138153076172 0.72785025835037231445 1.4978502988815307617 0.92785024642944335938 0.77785027027130126953 0 0.15785025060176849365 0.60785025358200073242 0.2678502500057220459 2.0758042335510253906 3.1058042049407958984 3.5458042621612548828 3.7558043003082275391 3.7958042621612548828 3.8558042049407958984 5.6258044242858886719 3.6658043861389160156 3.5946199893951416016 3.5546200275421142578 3.5146200656890869141 3.4546198844909667969 3.3346199989318847656 3.2546200752258300781 3.1646199226379394531 3.0646200180053710938 2.9843659400939941406 2.8943660259246826172 2.6443660259246826172
1.9679828882217407227 2.2579829692840576172 2.3979828357696533203 2.4779829978942871094 3.2779829502105712891 3.9079828262329101563 4.2529559135437011719 4.5329561233520507813 4.6129560470581054688 4.5029559135437011719 4.3129563331604003906 4.0829563140869140625 3.6929562091827392578 2.8729560375213623047 2.237850189208984375 2.1878502368927001953 1.737850189208984375 1.7078502178192138672 1.9578502178192138672 1.9678502082824707031 1.6878502368927001953 1.107850193977355957 2.7058043479919433594 3.1358041763305664063 3.6658043861389160156 4.0358042716979980469 4.0358042716979980469 4.3358044624328613281 5.4958043098449707031 3.6058042049407958984 3.5546200275421142578 3.5146200656890869141 3.4546198844909667969 3.3946199417114257813 3.3046200275421142578 3.1746199131011962891 3.0846199989318847656 3.02462005615234375 2.9443659782409667969 2.8643660545349121094 2.7643659114837646484
3.5579829216003417969 3.9479827880859375 3.1779828071594238281 2.5979828834533691406 3.2479829788208007813 3.8079829216003417969 4.2829561233520507813 4.7729563713073730469 4.8929562568664550781 4.7729563713073730469 4.5329561233520507813 4.16295623779296875 3.91295623779296875 3.5229561328887939453 3.2078502178192138672 2.8978502750396728516 2.5278501510620117188 2.5078501701354980469 2.5378501415252685547 2.4478502273559570313 2.4678502082824707031 2.1678502559661865234 2.6458041667938232422 3.3858041763305664063 3.7558043003082275391 4.1858043670654296875 4.4458041191101074219 5.5958042144775390625 4.5658044815063476563 3.8158042430877685547 3.7446200847625732422 3.6746199131011962891 3.6546199321746826172 3.6046199798583984375 3.5446200370788574219 3.2646200656890869141 3.0746200084686279297 2.9646201133728027344 2.8843660354614257813 2.8143658638000488281 2.7043659687042236328
5.1679830551147460938 4.9079828262329101563 4.37798309326171875 3.1079828739166259766 3.1479828357696533203 4.2579827308654785156 4.8929562568664550781 5.2629561424255371094 5.2629561424255371094 4.9229559898376464844 4.5229563713073730469 4.1229562759399414063 3.8729560375213623047 3.6229560375213623047 3.4278502464294433594 3.2478501796722412109 3.0978503227233886719 3.0278501510620117188 2.987850189208984375 2.827850341796875 2.7878501415252685547 2.3478503227233886719 0.89580428600311279297 1.2958042621612548828 3.2758042812347412109 4.3758044242858886719 5.2358040809631347656 6.7858042716979980469 4.42580413818359375 4.2458043098449707031 4.0846199989318847656 3.9646201133728027344 3.8946199417114257813 3.3046200275421142578 3.0146200656890869141 3.1946198940277099609 3.0146200656890869141 2.8046200275421142578 2.7243659496307373047 2.6343660354614257813 2.5543658733367919922
5.7294464111328125 5.4094462394714355469 5.0394463539123535156 4.6094460487365722656 4.5094461441040039063 5.1494460105895996094 5.5187225341796875 5.6487221717834472656 5.4787225723266601563 4.9687223434448242188 4.4187221527099609375 4.0387225151062011719 3.8987224102020263672 3.8987224102020263672 3.9928581714630126953 4.1028580665588378906 4.1228580474853515625 3.7128582000732421875 2.9928581714630126953 2.1928582191467285156 1.5428582429885864258 0.72285819053649902344 0.23631805181503295898 0 0 2.4863181114196777344 4.3163180351257324219 7.29631805419921875 5.04631805419921875 5.0363178253173828125 4.4458718299865722656 3.1658718585968017578 1.6758718490600585938 0.18587180972099304199 0.90587180852890014648 1.6958718299865722656 2.8458719253540039063 2.795871734619140625 2.5948579311370849609 2.3648579120635986328 1.0348579883575439453
5.29944610595703125 5.7594461441040039063 5.6794462203979492188 5.6594462394714355469 5.54944610595703125 5.6894459724426269531 5.8287224769592285156 5.7887225151062011719 5.58872222900390625 4.8687224388122558594 4.4787225723266601563 4.0387225151062011719 3.3387224674224853516 2.3287224769592285156 2.3828582763671875 3.3728582859039306641 4.4028582572937011719 5.3028583526611328125 5.8228583335876464844 6.1428580284118652344 6.2428584098815917969 5.4828581809997558594 1.6863180398941040039 0.71631807088851928711 1.3963180780410766602 2.2663180828094482422 3.2463181018829345703 7.7863178253173828125 7.9063181877136230469 4.54631805419921875 2.5158717632293701172 1.4858717918395996094 0.15587180852890014648 0 0 0 0.10587181150913238525 0.18587180972099304199 0 0 0
4.1694459915161132813 3.8394460678100585938 3.9594461917877197266 5.1494460105895996094 4.9794464111328125 5.1494460105895996094 4.8487224578857421875 4.7787222862243652344 4.4387226104736328125 3.4087224006652832031 1.9787223339080810547 2.928722381591796875 5.0387225151062011719 7.3787221908569335938 8.9028577804565429688 9.722858428955078125 10.20285797119140625 10.45285797119140625 10.502858161926269531 10.362857818603515625 9.972858428955078125 9.2328586578369140625 7.4663181304931640625 2.8063180446624755859 3.1663179397583007813 4.1263179779052734375 3.0763180255889892578 8.5763177871704101563 3.4663181304931640625 1.8563179969787597656 3.2258718013763427734 4.8058719635009765625 5.9958720207214355469 6.8358716964721679688 7.0558719635009765625 6.6458716392517089844 6.0358719825744628906 5.1458716392517089844 3.7648580074310302734 3.4848580360412597656 4.1448578834533691406
2.139446258544921875 1.8594461679458618164 2.9594461917877197266 3.0794460773468017578 1.7094461917877197266 2.9194462299346923828 3.1587224006652832031 3.9687223434448242188 5.1387224197387695313 5.3287224769592285156 5.5687222480773925781 8.4387226104736328125 10.008722305297851563 10.848722457885742188 11.622858047485351563 12.372858047485351563 12.832858085632324219 12.962858200073242188 12.822857856750488281 12.56285858154296875 12.092858314514160156 11.242857933044433594 10.326317787170410156 8.1463184356689453125 4.1963181495666503906 3.29631805419921875 3.8063180446624755859 8.0063180923461914063 4.3563179969787597656 7.206317901611328125 9.0358715057373046875 10.115871429443359375 11.325871467590332031 12.305871963500976563 12.765872001647949219 12.945871353149414063 11.95587158203125 9.865871429443359375 8.6448583602905273438 8.9548578262329101563 9.5348577499389648438
