Inputs/NGoM/basemap.asc
ncols         58
nrows         32
xllcorner     -88.230598449707
yllcorner     30.2534961700439
cellsize      0.03785016015172
NODATA_value  -9999
0.0 0 0 0 3 3 4 2 0 0 0 0 0 0 0 0 0 0 0 0 0 0 0 0 0 0 0 0 3 2 0 3 3 1 0 0 0 0 0 0 0 0 1 0 0 1 2 0 0 5 4 4 2 0 0 0 0 0
0 0 0 1 3 3 3 3 1 0 0 0 0 0 0 0 0 0 0 0 0 1 2 0 0 0 0 3 5 2 2 3 3 0 0 0 0 0 0 0 0 1 2 2 11 11 11 9 7 6 5 3 4 3 0 0 0 0
0 0 0 1 3 3 3 3 2 0 1 0 0 0 0 0 0 0 0 0 1 1 0 0 0 1 6 7 6 2 1 0 0 0 1 1 2 4 4 3 0 1 2 3 3 0 0 1 5 0 1 2 1 3 2 2 1 2
1 0 0 3 3 3 3 3 3 3 1 0 0 0 0 0 1 0 1 0 3 0 0 0 0 11 7 2 5 4 1 9 13 17 20 21 20 21 21 22 22 21 23 22 21 21 22 21 22 21 16 5 0 0 0 0 0 0
1 1 1 3 4 4 3 3 3 3 2 2 0 1 0 0 1 0 3 1 2 2 3 4 3 3 6 12 15 18 18 20 21 23 22 23 21 23 24 22 24 22 25 23 25 24 25 25 24 22 23 21 18 15 6 0 0 0
2 2 2 3 4 5 3 3 3 2 2 2 1 0 0 0 0 0 2 6 7 8 10 10 13 15 17 21 24 20 21 22 24 26 27 21 25 25 24 24 24 25 28 23 24 22 22 24 25 25 25 25 22 20 22 18 10 0
8 8 8 4 3 12 2 1 1 0 0 2 8 9 9 8 9 10 12 13 12 14 15 19 21 19 22 27 27 23 25 28 28 25 24 26 25 26 27 27 26 27 29 24 26 28 30 29 31 31 32 32 28 26 25 24 24 21
14 13 12 8 2 3 10 13 13 8 9 11 11 11 10 11 13 14 16 17 21 19 22 21 20 22 25 28 28 26 28 29 27 28 30 29 31 31 30 26 28 31 33 31 29 28 30 31 32 31 32 31 31 30 28 28 26 25
16 15 14 12 8 7 15 15 11 11 11 14 12 13 12 14 14 16 24 24 23 24 21 19 22 25 28 28 27 29 32 26 28 31 34 32 32 32 32 32 29 31 35 32 34 33 32 34 35 33 33 32 32 33 30 29 28 26
19 19 18 18 18 19 18 14 16 17 16 14 16 16 16 18 20 24 25 26 26 23 27 29 25 29 30 32 29 26 28 32 34 41 58 78 81 63 51 47 45 43 41 40 40 41 39 39 37 36 35 34 33 33 32 30 29 28
21 21 20 22 21 21 19 17 14 17 19 20 18 19 21 25 26 29 28 27 23 24 27 29 33 33 29 27 28 30 33 42 54 92 95 95 94 86 60 60 50 53 47 46 50 46 46 45 42 38 38 36 35 34 33 32 30 29
23 23 23 22 23 21 18 17 18 22 21 21 22 23 26 27 25 27 27 24 24 28 28 28 30 35 37 30 31 34 41 57 73 103 108 109 106 99 93 75 70 53 50 47 46 47 48 48 48 43 41 38 37 35 33 31 31 30
27 27 26 24 22 25 23 25 26 25 23 25 29 29 29 28 30 31 29 27 31 30 28 29 30 31 31 36 41 48 53 69 79 140 132 127 124 115 111 106 97 66 65 64 60 55 51 50 50 46 46 44 41 38 38 34 32 32
31 31 30 28 29 31 31 31 28 28 29 30 32 30 30 30 29 30 33 32 32 32 27 29 31 32 35 47 54 58 63 105 141 150 142 137 132 124 119 114 105 101 86 80 76 72 63 61 60 55 54 51 45 41 38 37 34 32
33 32 32 31 32 33 32 31 30 31 29 31 34 32 32 31 32 32 35 33 33 31 30 31 33 41 55 61 65 77 99 157 160 158 147 146 141 132 125 121 112 107 100 92 81 77 72 68 69 65 59 55 49 42 40 38 36 37
34 35 35 34 33 32 33 32 33 32 31 33 34 33 34 33 33 35 36 36 31 32 33 38 55 62 77 76 120 151 170 173 171 168 160 156 152 142 135 130 121 115 93 86 80 77 74 73 72 70 65 60 52 45 41 39 40 39
35 33 35 35 33 32 33 31 33 34 34 33 32 34 35 36 35 36 38 32 34 36 42 55 70 76 77 80 134 174 186 183 180 176 167 162 157 148 142 137 127 120 112 107 100 93 79 78 77 73 68 61 51 46 42 41 40 40
35 36 37 35 36 36 34 36 36 37 38 38 37 35 37 36 35 39 37 39 40 51 59 80 97 109 125 166 196 219 203 195 191 185 179 172 167 159 153 148 138 133 127 118 112 93 98 95 87 79 73 65 52 46 45 43 42 41
38 39 38 37 36 37 35 36 37 37 37 40 38 37 38 37 36 37 38 40 43 57 65 87 127 138 159 200 230 222 211 203 198 193 185 181 175 167 161 155 148 142 137 128 123 118 108 103 96 85 77 68 52 48 46 45 43 43
40 38 36 37 37 37 37 37 38 39 40 39 39 39 38 39 37 38 38 41 49 61 68 105 149 169 191 228 234 225 219 212 208 203 195 190 184 177 170 164 157 150 145 136 131 125 116 110 104 90 81 67 53 49 48 47 44 43
40 38 36 38 40 40 40 40 39 41 39 40 41 40 37 37 39 41 48 53 58 62 72 88 191 212 235 243 241 241 236 230 225 222 214 209 204 194 186 180 172 164 159 149 143 136 125 119 113 100 75 63 57 52 48 47 45 44
40 39 38 40 41 41 41 41 41 41 41 40 39 38 38 40 41 45 55 61 65 65 75 88 208 238 253 257 255 254 252 247 240 237 229 223 218 207 200 194 184 176 170 160 153 144 132 125 118 107 74 67 61 60 58 48 44 42
40 40 38 41 40 42 41 40 42 41 41 38 38 39 40 44 49 51 65 70 71 70 80 97 235 262 272 275 275 274 272 267 259 255 246 241 235 224 217 210 199 189 182 171 164 154 141 133 125 116 95 70 71 76 74 61 50 42
42 41 42 42 42 42 42 42 41 41 41 42 44 45 46 50 54 63 68 71 75 80 95 146 275 295 305 312 313 317 316 310 304 298 283 279 270 255 248 239 225 216 206 192 183 173 158 149 140 127 121 112 97 87 80 74 64 54
43 43 43 42 40 40 41 42 43 45 46 47 50 50 53 55 59 66 68 72 78 94 147 246 311 324 332 344 346 351 354 352 347 344 325 318 308 285 276 261 246 234 224 210 198 187 171 161 151 136 127 118 104 91 83 77 69 58
47 46 45 44 42 44 45 47 48 51 53 56 59 59 60 61 63 66 68 74 91 200 282 324 341 352 362 381 387 396 401 408 407 403 383 373 357 326 307 292 272 260 245 228 215 204 185 177 164 148 137 126 111 99 87 78 73 64
51 51 51 51 51 53 57 60 63 64 66 67 68 69 74 77 74 72 76 133 239 324 348 377 390 411 433 455 463 474 491 532 652 650 557 486 446 399 366 346 320 303 282 262 245 230 212 202 186 170 158 145 124 112 99 81 76 70
54 55 56 57 60 66 71 72 72 73 72 72 74 80 86 89 89 103 174 227 313 365 388 421 451 473 488 503 512 526 545 625 707 554 500 477 453 423 391 374 348 333 311 281 267 253 232 219 206 188 177 164 139 126 111 88 78 73
59 61 65 75 80 84 83 83 80 78 80 83 90 94 103 130 161 192 254 344 382 419 445 493 518 533 541 550 558 572 595 694 727 591 517 487 463 435 413 399 372 355 338 310 291 275 254 241 228 209 198 185 163 147 131 107 88 79
74 83 85 90 96 110 125 122 112 104 101 105 127 177 210 265 318 378 451 507 551 599 618 641 628 627 628 631 634 645 666 746 785 636 545 507 483 449 432 415 391 375 360 338 323 308 286 270 256 237 226 214 196 183 169 149 129 112
89 93 94 104 132 154 169 170 167 162 174 204 272 309 342 398 439 531 701 759 778 753 741 729 699 687 679 675 675 681 699 766 832 645 546 519 493 461 443 424 400 385 370 350 338 325 301 290 275 256 243 232 213 202 190 170 156 139
97 105 116 171 193 209 226 237 250 284 313 343 411 430 478 617 700 750 873 903 922 882 862 816 781 756 739 724 727 735 750 805 788 634 560 534 505 472 453 435 411 397 383 363 350 337 320 305 291 272 259 247 230 218 208 191 179 166
