Inputs/NGoM/exclusions.asc
ncols        58
nrows        32
xllcorner    -88.230598449707
yllcorner    30.253496170044
cellsize     0.037850160152
NODATA_value nan
0.0 0 0 0 0 0 0 0 0 0 0 0 0 0 0 0 0 0 0 0 0 0 0 0 0 0 0 0 0 0 0 0 0 0 0 0 0 0 0 0 0 0 0 0 0 0 0 0 0 0 0 0 0 0 0 0 0 0 
0 0 0 0 0 0 0 0 0 0 0 0 0 0 0 0 0 0 0 0 0 0 0 0 0 0 0 0 0 0 0 0 0 0 0 0 0 0 0 0 0 0 0 0 11 11 11 0 0 0 0 0 0 0 0 0 0 0 
0 0 0 0 0 0 0 0 0 0 0 0 0 0 0 0 0 0 0 0 0 0 0 0 0 0 0 0 0 0 0 0 0 0 0 0 0 0 0 0 0 0 0 0 0 0 0 0 0 0 0 0 0 0 0 0 0 0 
0 0 0 0 0 0 0 0 0 0 0 0 0 0 0 0 0 0 0 0 0 0 0 0 0 11 0 0 0 0 0 0 13 17 20 21 20 21 21 22 22 21 23 22 21 21 22 21 22 21 16 0 0 0 0 0 0 0 
0 0 0 0 0 0 0 0 0 0 0 0 0 0 0 0 0 0 0 0 0 0 0 0 0 0 0 12 15 18 18 20 21 23 22 23 21 23 24 22 24 22 25 23 25 24 25 25 24 22 23 21 18 15 0 0 0 0 
0 0 0 0 0 0 0 0 0 0 0 0 0 0 0 0 0 0 0 0 0 0 10 10 13 15 17 21 24 20 21 22 24 26 27 21 25 25 24 24 24 25 28 23 24 22 22 24 25 25 25 25 22 20 22 18 10 0 
0 0 0 0 0 12 0 0 0 0 0 0 0 0 0 0 0 10 12 13 12 14 15 19 21 19 22 27 27 23 25 28 28 25 24 26 25 26 27 27 26 27 29 24 26 28 30 29 31 31 32 32 28 26 25 24 24 21 
14 13 12 0 0 0 10 13 13 0 0 11 11 11 10 11 13 14 16 17 21 19 22 21 20 22 25 28 28 26 28 29 27 28 30 29 31 31 30 26 28 31 33 31 29 28 30 31 32 31 32 31 31 30 28 28 26 25 
16 15 14 12 0 0 15 15 11 11 11 14 12 13 12 14 14 16 24 24 23 24 21 19 22 25 28 28 27 29 32 26 28 31 34 32 32 32 32 32 29 31 35 32 34 33 32 34 35 33 33 32 32 33 30 29 28 26 
19 19 18 18 18 19 18 14 16 17 16 14 16 16 16 18 20 24 25 26 26 23 27 29 25 29 30 32 29 26 28 32 34 41 58 78 81 63 51 47 45 43 41 40 40 41 39 39 37 36 35 34 33 33 32 30 29 28 
21 21 20 22 21 21 19 17 14 17 19 20 18 19 21 25 26 29 28 27 23 24 27 29 33 33 29 27 28 30 33 42 54 92 95 95 94 86 60 60 50 53 47 46 50 46 46 45 42 38 38 36 35 34 33 32 30 29 
23 23 23 22 23 21 18 17 18 22 21 21 22 23 26 27 25 27 27 24 24 28 28 28 30 35 37 30 31 34 41 57 73 0 0 0 0 99 93 75 70 53 50 47 46 47 48 48 48 43 41 38 37 35 33 31 31 30 
27 27 26 24 22 25 23 25 26 25 23 25 29 29 29 28 30 31 29 27 31 30 28 29 30 31 31 36 41 48 53 69 79 0 0 0 0 0 0 0 97 66 65 64 60 55 51 50 50 46 46 44 41 38 38 34 32 32 
31 31 30 28 29 31 31 31 28 28 29 30 32 30 30 30 29 30 33 32 32 32 27 29 31 32 35 47 54 58 63 0 0 0 0 0 0 0 0 0 0 0 86 80 76 72 63 61 60 55 54 51 45 41 38 37 34 32 
33 32 32 31 32 33 32 31 30 31 29 31 34 32 32 31 32 32 35 33 33 31 30 31 33 41 55 61 65 77 99 0 0 0 0 0 0 0 0 0 0 0 100 92 81 77 72 68 69 65 59 55 49 42 40 38 36 37 
34 35 35 34 33 32 33 32 33 32 31 33 34 33 34 33 33 35 36 36 31 32 33 38 55 62 77 76 0 0 0 0 0 0 0 0 0 0 0 0 0 0 93 86 80 77 74 73 72 70 65 60 52 45 41 39 40 39 
35 33 35 35 33 32 33 31 33 34 34 33 32 34 35 36 35 36 38 32 34 36 42 55 70 76 77 80 0 0 0 0 0 0 0 0 0 0 0 0 0 0 0 0 100 93 79 78 77 73 68 61 51 46 42 41 40 40 
35 36 37 35 36 36 34 36 36 37 38 38 37 35 37 36 35 39 37 39 40 51 59 80 97 0 0 0 0 0 0 0 0 0 0 0 0 0 0 0 0 0 0 0 0 93 98 95 87 79 73 65 52 46 45 43 42 41 
38 39 38 37 36 37 35 36 37 37 37 40 38 37 38 37 36 37 38 40 43 57 65 87 0 0 0 0 0 0 0 0 0 0 0 0 0 0 0 0 0 0 0 0 0 0 0 0 96 85 77 68 52 48 46 45 43 43 
40 38 36 37 37 37 37 37 38 39 40 39 39 39 38 39 37 38 38 41 49 61 68 0 0 0 0 0 0 0 0 0 0 0 0 0 0 0 0 0 0 0 0 0 0 0 0 0 0 90 81 67 53 49 48 47 44 43 
40 38 36 38 40 40 40 40 39 41 39 40 41 40 37 37 39 41 48 53 58 62 72 88 0 0 0 0 0 0 0 0 0 0 0 0 0 0 0 0 0 0 0 0 0 0 0 0 0 100 75 63 57 52 48 47 45 44 
40 39 38 40 41 41 41 41 41 41 41 40 39 38 38 40 41 45 55 61 65 65 75 88 0 0 0 0 0 0 0 0 0 0 0 0 0 0 0 0 0 0 0 0 0 0 0 0 0 0 74 67 61 60 58 48 44 42 
40 40 38 41 40 42 41 40 42 41 41 38 38 39 40 44 49 51 65 70 71 70 80 97 0 0 0 0 0 0 0 0 0 0 0 0 0 0 0 0 0 0 0 0 0 0 0 0 0 0 95 70 71 76 74 61 50 42 
42 41 42 42 42 42 42 42 41 41 41 42 44 45 46 50 54 63 68 71 75 80 95 0 0 0 0 0 0 0 0 0 0 0 0 0 0 0 0 0 0 0 0 0 0 0 0 0 0 0 0 0 97 87 80 74 64 54 
43 43 43 42 40 40 41 42 43 45 46 47 50 50 53 55 59 66 68 72 78 94 0 0 0 0 0 0 0 0 0 0 0 0 0 0 0 0 0 0 0 0 0 0 0 0 0 0 0 0 0 0 0 91 83 77 69 58 
47 46 45 44 42 44 45 47 48 51 53 56 59 59 60 61 63 66 68 74 91 0 0 0 0 0 0 0 0 0 0 0 0 0 0 0 0 0 0 0 0 0 0 0 0 0 0 0 0 0 0 0 0 99 87 78 73 64 
51 51 51 51 51 53 57 60 63 64 66 67 68 69 74 77 74 72 76 0 0 0 0 0 0 0 0 0 0 0 0 0 0 0 0 0 0 0 0 0 0 0 0 0 0 0 0 0 0 0 0 0 0 0 99 81 76 70 
54 55 56 57 60 66 71 72 72 73 72 72 74 80 86 89 89 0 0 0 0 0 0 0 0 0 0 0 0 0 0 0 0 0 0 0 0 0 0 0 0 0 0 0 0 0 0 0 0 0 0 0 0 0 0 88 78 73 
59 61 65 75 80 84 83 83 80 78 80 83 90 94 0 0 0 0 0 0 0 0 0 0 0 0 0 0 0 0 0 0 0 0 0 0 0 0 0 0 0 0 0 0 0 0 0 0 0 0 0 0 0 0 0 0 88 79 
74 83 85 90 96 0 0 0 0 0 0 0 0 0 0 0 0 0 0 0 0 0 0 0 0 0 0 0 0 0 0 0 0 0 0 0 0 0 0 0 0 0 0 0 0 0 0 0 0 0 0 0 0 0 0 0 0 0 
89 93 94 0 0 0 0 0 0 0 0 0 0 0 0 0 0 0 0 0 0 0 0 0 0 0 0 0 0 0 0 0 0 0 0 0 0 0 0 0 0 0 0 0 0 0 0 0 0 0 0 0 0 0 0 0 0 0 
97 0 0 0 0 0 0 0 0 0 0 0 0 0 0 0 0 0 0 0 0 0 0 0 0 0 0 0 0 0 0 0 0 0 0 0 0 0 0 0 0 0 0 0 0 0 0 0 0 0 0 0 0 0 0 0 0 0 
